
Position Y
 ==================== 
Position Y,Unit,Category,Collection,Time,ID,
51.0661,µm,Surface,Position,1,0,
53.804,µm,Surface,Position,1,1,
51.094,µm,Surface,Position,1,2,
54.4174,µm,Surface,Position,1,3,
53.0203,µm,Surface,Position,1,4,
56.8812,µm,Surface,Position,1,5,
52.5522,µm,Surface,Position,1,6,
50.5267,µm,Surface,Position,1,7,
57.528,µm,Surface,Position,1,8,
51.5691,µm,Surface,Position,1,9,
53.675,µm,Surface,Position,1,10,
53.0056,µm,Surface,Position,1,11,
51.133,µm,Surface,Position,1,12,
58.2009,µm,Surface,Position,1,13,
53.566,µm,Surface,Position,1,14,
53.7552,µm,Surface,Position,1,15,
51.6528,µm,Surface,Position,1,16,
52.5402,µm,Surface,Position,1,17,
53.4415,µm,Surface,Position,1,18,
55.3767,µm,Surface,Position,1,19,
59.2936,µm,Surface,Position,1,20,
54.5952,µm,Surface,Position,1,21,
59.1014,µm,Surface,Position,1,22,
58.753,µm,Surface,Position,1,23,
54.1419,µm,Surface,Position,1,24,
52.9469,µm,Surface,Position,1,25,
50.6475,µm,Surface,Position,1,26,
56.0187,µm,Surface,Position,1,27,
53.8354,µm,Surface,Position,1,28,
53.3432,µm,Surface,Position,1,29,
52.4269,µm,Surface,Position,1,30,
54.2127,µm,Surface,Position,1,31,
53.2395,µm,Surface,Position,1,32,
53.7936,µm,Surface,Position,1,33,
54.7184,µm,Surface,Position,1,34,
52.1784,µm,Surface,Position,1,35,
52.4763,µm,Surface,Position,1,36,
54.0816,µm,Surface,Position,1,37,
53.2669,µm,Surface,Position,1,38,
54.4658,µm,Surface,Position,1,39,
55.3674,µm,Surface,Position,1,40,
55.0321,µm,Surface,Position,1,41,
55.8404,µm,Surface,Position,1,42,
54.0741,µm,Surface,Position,1,43,
51.7208,µm,Surface,Position,1,44,
56.2179,µm,Surface,Position,1,47,
53.8897,µm,Surface,Position,1,48,
54.4265,µm,Surface,Position,1,49,
54.6036,µm,Surface,Position,1,50,
53.6827,µm,Surface,Position,1,52,
54.2598,µm,Surface,Position,1,53,
55.6629,µm,Surface,Position,1,54,
52.847,µm,Surface,Position,1,55,
53.979,µm,Surface,Position,1,56,
55.2419,µm,Surface,Position,1,57,
53.2285,µm,Surface,Position,1,58,
56.5242,µm,Surface,Position,1,59,
56.8797,µm,Surface,Position,1,61,
56.6712,µm,Surface,Position,1,62,
55.1073,µm,Surface,Position,1,63,
56.0967,µm,Surface,Position,1,64,
54.4114,µm,Surface,Position,1,65,
55.3592,µm,Surface,Position,1,66,
56.5531,µm,Surface,Position,1,67,
53.8271,µm,Surface,Position,1,68,
57.2001,µm,Surface,Position,1,69,
55.5157,µm,Surface,Position,1,70,
56.5947,µm,Surface,Position,1,71,
56.2405,µm,Surface,Position,1,72,
56.4112,µm,Surface,Position,1,73,
56.1319,µm,Surface,Position,1,74,
55.1121,µm,Surface,Position,1,75,
57.3259,µm,Surface,Position,1,76,
58.0695,µm,Surface,Position,1,79,
59.9635,µm,Surface,Position,1,80,
56.8394,µm,Surface,Position,1,93,
51.0855,µm,Surface,Position,1,94,
50.0092,µm,Surface,Position,1,95,
52.2633,µm,Surface,Position,1,96,
50.9769,µm,Surface,Position,1,97,
53.7695,µm,Surface,Position,1,98,
49.1408,µm,Surface,Position,1,99,
53.224,µm,Surface,Position,1,100,
57.6171,µm,Surface,Position,1,101,
50.4269,µm,Surface,Position,1,102,
50.5999,µm,Surface,Position,1,103,
48.8445,µm,Surface,Position,1,104,
48.4413,µm,Surface,Position,1,105,
54.7548,µm,Surface,Position,1,107,
49.147,µm,Surface,Position,1,108,
49.9438,µm,Surface,Position,1,109,
56.1065,µm,Surface,Position,1,110,
51.6883,µm,Surface,Position,1,111,
52.9704,µm,Surface,Position,1,112,
50.6749,µm,Surface,Position,1,113,
52.5161,µm,Surface,Position,1,114,
56.6928,µm,Surface,Position,1,115,
51.9845,µm,Surface,Position,1,116,
55.5882,µm,Surface,Position,1,117,
54.2795,µm,Surface,Position,1,118,
51.5122,µm,Surface,Position,1,119,
54.4614,µm,Surface,Position,1,120,
50.966,µm,Surface,Position,1,121,
49.0329,µm,Surface,Position,1,122,
49.3315,µm,Surface,Position,1,123,
55.0874,µm,Surface,Position,1,124,
52.4756,µm,Surface,Position,1,125,
46.9542,µm,Surface,Position,1,126,
57.649,µm,Surface,Position,1,127,
57.6873,µm,Surface,Position,1,128,
50.5407,µm,Surface,Position,1,129,
51.1055,µm,Surface,Position,1,130,
51.1976,µm,Surface,Position,1,131,
54.7985,µm,Surface,Position,1,132,
52.7026,µm,Surface,Position,1,133,
47.4017,µm,Surface,Position,1,134,
51.9743,µm,Surface,Position,1,135,
49.8424,µm,Surface,Position,1,136,
49.5234,µm,Surface,Position,1,137,
53.3305,µm,Surface,Position,1,138,
53.4266,µm,Surface,Position,1,139,
50.1947,µm,Surface,Position,1,140,
48.7657,µm,Surface,Position,1,141,
51.8185,µm,Surface,Position,1,142,
56.3951,µm,Surface,Position,1,143,
50.8431,µm,Surface,Position,1,144,
48.0923,µm,Surface,Position,1,146,
47.5755,µm,Surface,Position,1,147,
47.7198,µm,Surface,Position,1,148,
55.4529,µm,Surface,Position,1,149,
54.1853,µm,Surface,Position,1,150,
51.1163,µm,Surface,Position,1,151,
46.6723,µm,Surface,Position,1,152,
47.0584,µm,Surface,Position,1,153,
51.6213,µm,Surface,Position,1,154,
52.7811,µm,Surface,Position,1,155,
50.6293,µm,Surface,Position,1,156,
47.2888,µm,Surface,Position,1,157,
48.9237,µm,Surface,Position,1,158,
51.1109,µm,Surface,Position,1,159,
49.7639,µm,Surface,Position,1,160,
48.7027,µm,Surface,Position,1,161,
47.7575,µm,Surface,Position,1,162,
51.3835,µm,Surface,Position,1,163,
50.1052,µm,Surface,Position,1,164,
55.4249,µm,Surface,Position,1,165,
47.7649,µm,Surface,Position,1,166,
52.0136,µm,Surface,Position,1,167,
48.2141,µm,Surface,Position,1,168,
57.196,µm,Surface,Position,1,169,
55.9404,µm,Surface,Position,1,170,
48.7687,µm,Surface,Position,1,171,
54.066,µm,Surface,Position,1,172,
48.6776,µm,Surface,Position,1,173,
56.7748,µm,Surface,Position,1,174,
49.1911,µm,Surface,Position,1,175,
51.8332,µm,Surface,Position,1,176,
48.0045,µm,Surface,Position,1,177,
48.4636,µm,Surface,Position,1,178,
49.4487,µm,Surface,Position,1,179,
47.6928,µm,Surface,Position,1,180,
47.1665,µm,Surface,Position,1,181,
51.7433,µm,Surface,Position,1,182,
56.3676,µm,Surface,Position,1,183,
50.5695,µm,Surface,Position,1,184,
47.3303,µm,Surface,Position,1,185,
54.9929,µm,Surface,Position,1,186,
47.9858,µm,Surface,Position,1,187,
55.8451,µm,Surface,Position,1,188,
56.1847,µm,Surface,Position,1,189,
54.785,µm,Surface,Position,1,190,
51.653,µm,Surface,Position,1,191,
49.3159,µm,Surface,Position,1,192,
46.7902,µm,Surface,Position,1,193,
54.3354,µm,Surface,Position,1,194,
52.8525,µm,Surface,Position,1,195,
53.5718,µm,Surface,Position,1,196,
53.7988,µm,Surface,Position,1,197,
52.2605,µm,Surface,Position,1,198,
47.8364,µm,Surface,Position,1,199,
52.4516,µm,Surface,Position,1,200,
55.7859,µm,Surface,Position,1,201,
55.9087,µm,Surface,Position,1,202,
49.8302,µm,Surface,Position,1,203,
49.091,µm,Surface,Position,1,204,
51.2846,µm,Surface,Position,1,205,
51.2746,µm,Surface,Position,1,206,
48.0261,µm,Surface,Position,1,208,
50.4609,µm,Surface,Position,1,209,
47.2381,µm,Surface,Position,1,210,
47.1493,µm,Surface,Position,1,211,
51.3257,µm,Surface,Position,1,212,
55.1416,µm,Surface,Position,1,213,
49.9355,µm,Surface,Position,1,214,
50.0162,µm,Surface,Position,1,215,
47.5083,µm,Surface,Position,1,216,
52.9919,µm,Surface,Position,1,217,
52.814,µm,Surface,Position,1,218,
48.9395,µm,Surface,Position,1,219,
50.3659,µm,Surface,Position,1,220,
50.2146,µm,Surface,Position,1,221,
54.6874,µm,Surface,Position,1,222,
50.0334,µm,Surface,Position,1,223,
51.9085,µm,Surface,Position,1,224,
55.687,µm,Surface,Position,1,225,
53.2259,µm,Surface,Position,1,226,
50.3988,µm,Surface,Position,1,227,
50.9031,µm,Surface,Position,1,228,
49.0554,µm,Surface,Position,1,229,
46.3389,µm,Surface,Position,1,230,
46.9429,µm,Surface,Position,1,231,
50.2264,µm,Surface,Position,1,232,
47.872,µm,Surface,Position,1,233,
55.3861,µm,Surface,Position,1,234,
49.9677,µm,Surface,Position,1,235,
49.0773,µm,Surface,Position,1,236,
46.132,µm,Surface,Position,1,237,
55.9742,µm,Surface,Position,1,238,
51.5291,µm,Surface,Position,1,239,
48.6069,µm,Surface,Position,1,240,
48.2193,µm,Surface,Position,1,241,
54.8359,µm,Surface,Position,1,242,
46.642,µm,Surface,Position,1,243,
54.9995,µm,Surface,Position,1,244,
50.7738,µm,Surface,Position,1,245,
54.3507,µm,Surface,Position,1,246,
49.9353,µm,Surface,Position,1,247,
55.1324,µm,Surface,Position,1,248,
46.8144,µm,Surface,Position,1,249,
49.7614,µm,Surface,Position,1,250,
52.4686,µm,Surface,Position,1,251,
45.401,µm,Surface,Position,1,252,
50.8337,µm,Surface,Position,1,253,
48.525,µm,Surface,Position,1,254,
46.7225,µm,Surface,Position,1,256,
47.8481,µm,Surface,Position,1,258,
52.5115,µm,Surface,Position,1,259,
48.1529,µm,Surface,Position,1,260,
53.2543,µm,Surface,Position,1,261,
49.4116,µm,Surface,Position,1,262,
53.4048,µm,Surface,Position,1,263,
48.4922,µm,Surface,Position,1,264,
49.1339,µm,Surface,Position,1,265,
49.4045,µm,Surface,Position,1,266,
50.4089,µm,Surface,Position,1,268,
55.0123,µm,Surface,Position,1,269,
51.8805,µm,Surface,Position,1,270,
47.2889,µm,Surface,Position,1,271,
48.8402,µm,Surface,Position,1,272,
52.0839,µm,Surface,Position,1,273,
51.3931,µm,Surface,Position,1,274,
54.9424,µm,Surface,Position,1,275,
52.4282,µm,Surface,Position,1,276,
48.4376,µm,Surface,Position,1,277,
45.7634,µm,Surface,Position,1,278,
52.0146,µm,Surface,Position,1,280,
50.6857,µm,Surface,Position,1,281,
52.3066,µm,Surface,Position,1,282,
55.1584,µm,Surface,Position,1,283,
49.8425,µm,Surface,Position,1,284,
45.383,µm,Surface,Position,1,285,
47.7049,µm,Surface,Position,1,286,
51.004,µm,Surface,Position,1,287,
46.1487,µm,Surface,Position,1,288,
48.7286,µm,Surface,Position,1,289,
48.2914,µm,Surface,Position,1,290,
49.7882,µm,Surface,Position,1,291,
51.1927,µm,Surface,Position,1,292,
49.2448,µm,Surface,Position,1,293,
54.4923,µm,Surface,Position,1,295,
46.6356,µm,Surface,Position,1,296,
41.7862,µm,Surface,Position,1,297,
53.4071,µm,Surface,Position,1,298,
54.8511,µm,Surface,Position,1,299,
47.8036,µm,Surface,Position,1,300,
46.2006,µm,Surface,Position,1,301,
45.1996,µm,Surface,Position,1,302,
54.707,µm,Surface,Position,1,303,
50.7854,µm,Surface,Position,1,304,
48.6037,µm,Surface,Position,1,305,
49.1439,µm,Surface,Position,1,306,
51.9143,µm,Surface,Position,1,307,
47.5175,µm,Surface,Position,1,308,
48.6802,µm,Surface,Position,1,309,
52.2692,µm,Surface,Position,1,310,
51.8021,µm,Surface,Position,1,311,
50.129,µm,Surface,Position,1,312,
52.2037,µm,Surface,Position,1,313,
51.6378,µm,Surface,Position,1,314,
45.1008,µm,Surface,Position,1,315,
51.5083,µm,Surface,Position,1,316,
48.4266,µm,Surface,Position,1,317,
45.5518,µm,Surface,Position,1,318,
51.4026,µm,Surface,Position,1,319,
47.5681,µm,Surface,Position,1,320,
49.6059,µm,Surface,Position,1,321,
55.1593,µm,Surface,Position,1,322,
53.2616,µm,Surface,Position,1,323,
52.6834,µm,Surface,Position,1,324,
49.3597,µm,Surface,Position,1,325,
51.5046,µm,Surface,Position,1,326,
49.8512,µm,Surface,Position,1,327,
51.882,µm,Surface,Position,1,328,
48.754,µm,Surface,Position,1,329,
54.3098,µm,Surface,Position,1,330,
50.5487,µm,Surface,Position,1,332,
48.6772,µm,Surface,Position,1,333,
48.971,µm,Surface,Position,1,334,
53.1058,µm,Surface,Position,1,335,
45.4058,µm,Surface,Position,1,336,
44.9452,µm,Surface,Position,1,337,
44.7903,µm,Surface,Position,1,338,
48.6045,µm,Surface,Position,1,339,
48.8749,µm,Surface,Position,1,340,
49.6876,µm,Surface,Position,1,341,
48.0712,µm,Surface,Position,1,342,
48.8176,µm,Surface,Position,1,343,
54.3094,µm,Surface,Position,1,344,
52.3857,µm,Surface,Position,1,345,
52.3628,µm,Surface,Position,1,346,
47.5515,µm,Surface,Position,1,347,
44.9275,µm,Surface,Position,1,348,
45.0891,µm,Surface,Position,1,349,
50.376,µm,Surface,Position,1,350,
45.7692,µm,Surface,Position,1,351,
50.0046,µm,Surface,Position,1,352,
48.0097,µm,Surface,Position,1,353,
54.2076,µm,Surface,Position,1,354,
49.4344,µm,Surface,Position,1,355,
49.8466,µm,Surface,Position,1,356,
51.0608,µm,Surface,Position,1,357,
50.3025,µm,Surface,Position,1,358,
45.6092,µm,Surface,Position,1,359,
51.663,µm,Surface,Position,1,360,
46.2489,µm,Surface,Position,1,361,
54.0851,µm,Surface,Position,1,362,
51.7511,µm,Surface,Position,1,363,
44.3184,µm,Surface,Position,1,364,
50.9446,µm,Surface,Position,1,365,
49.9689,µm,Surface,Position,1,366,
45.379,µm,Surface,Position,1,367,
46.911,µm,Surface,Position,1,368,
53.9718,µm,Surface,Position,1,369,
52.2845,µm,Surface,Position,1,370,
48.1709,µm,Surface,Position,1,371,
50.7926,µm,Surface,Position,1,372,
47.2874,µm,Surface,Position,1,373,
45.1901,µm,Surface,Position,1,374,
49.129,µm,Surface,Position,1,376,
48.1033,µm,Surface,Position,1,377,
47.0666,µm,Surface,Position,1,378,
48.9964,µm,Surface,Position,1,379,
45.9306,µm,Surface,Position,1,380,
50.5617,µm,Surface,Position,1,381,
53.6912,µm,Surface,Position,1,382,
46.5439,µm,Surface,Position,1,383,
50.6408,µm,Surface,Position,1,384,
48.3581,µm,Surface,Position,1,385,
45.9973,µm,Surface,Position,1,386,
49.6493,µm,Surface,Position,1,387,
48.0064,µm,Surface,Position,1,388,
45.1606,µm,Surface,Position,1,389,
49.9063,µm,Surface,Position,1,390,
54.0843,µm,Surface,Position,1,391,
46.1834,µm,Surface,Position,1,393,
47.8366,µm,Surface,Position,1,394,
50.6385,µm,Surface,Position,1,395,
50.4992,µm,Surface,Position,1,396,
48.9337,µm,Surface,Position,1,397,
44.8178,µm,Surface,Position,1,398,
50.2091,µm,Surface,Position,1,399,
49.3692,µm,Surface,Position,1,400,
53.2829,µm,Surface,Position,1,401,
46.5412,µm,Surface,Position,1,402,
53.1199,µm,Surface,Position,1,403,
47.0497,µm,Surface,Position,1,404,
49.8488,µm,Surface,Position,1,405,
49.559,µm,Surface,Position,1,406,
49.9288,µm,Surface,Position,1,407,
48.7262,µm,Surface,Position,1,408,
50.0512,µm,Surface,Position,1,409,
47.0573,µm,Surface,Position,1,410,
52.0965,µm,Surface,Position,1,411,
46.3584,µm,Surface,Position,1,412,
48.2779,µm,Surface,Position,1,413,
50.2631,µm,Surface,Position,1,414,
48.7493,µm,Surface,Position,1,415,
53.1897,µm,Surface,Position,1,416,
46.827,µm,Surface,Position,1,417,
51.3266,µm,Surface,Position,1,418,
43.3493,µm,Surface,Position,1,419,
44.0155,µm,Surface,Position,1,421,
42.7532,µm,Surface,Position,1,422,
49.5287,µm,Surface,Position,1,423,
51.9729,µm,Surface,Position,1,424,
47.0179,µm,Surface,Position,1,425,
48.7844,µm,Surface,Position,1,426,
48.2513,µm,Surface,Position,1,427,
44.2412,µm,Surface,Position,1,428,
43.531,µm,Surface,Position,1,429,
51.7714,µm,Surface,Position,1,430,
52.814,µm,Surface,Position,1,431,
50.1376,µm,Surface,Position,1,432,
47.7402,µm,Surface,Position,1,433,
52.5093,µm,Surface,Position,1,434,
45.5482,µm,Surface,Position,1,435,
51.4412,µm,Surface,Position,1,436,
51.7671,µm,Surface,Position,1,437,
46.631,µm,Surface,Position,1,438,
45.8293,µm,Surface,Position,1,439,
47.9104,µm,Surface,Position,1,440,
49.3179,µm,Surface,Position,1,441,
45.1985,µm,Surface,Position,1,442,
52.1836,µm,Surface,Position,1,443,
48.9038,µm,Surface,Position,1,444,
46.4858,µm,Surface,Position,1,446,
46.4754,µm,Surface,Position,1,447,
52.684,µm,Surface,Position,1,448,
45.6289,µm,Surface,Position,1,449,
48.535,µm,Surface,Position,1,450,
47.8122,µm,Surface,Position,1,451,
51.5401,µm,Surface,Position,1,452,
48.3243,µm,Surface,Position,1,453,
44.742,µm,Surface,Position,1,454,
44.5996,µm,Surface,Position,1,456,
48.5814,µm,Surface,Position,1,457,
37.922,µm,Surface,Position,1,458,
44.7482,µm,Surface,Position,1,459,
42.6267,µm,Surface,Position,1,460,
46.0211,µm,Surface,Position,1,461,
51.9693,µm,Surface,Position,1,462,
43.5301,µm,Surface,Position,1,464,
47.2194,µm,Surface,Position,1,465,
52.9927,µm,Surface,Position,1,467,
52.2189,µm,Surface,Position,1,468,
50.9653,µm,Surface,Position,1,470,
47.9551,µm,Surface,Position,1,471,
47.0577,µm,Surface,Position,1,472,
48.1773,µm,Surface,Position,1,473,
46.0893,µm,Surface,Position,1,474,
44.0018,µm,Surface,Position,1,475,
43.0739,µm,Surface,Position,1,476,
45.8017,µm,Surface,Position,1,477,
45.5694,µm,Surface,Position,1,478,
48.327,µm,Surface,Position,1,479,
47.8415,µm,Surface,Position,1,480,
51.0495,µm,Surface,Position,1,481,
50.5846,µm,Surface,Position,1,482,
44.2174,µm,Surface,Position,1,483,
51.3496,µm,Surface,Position,1,484,
46.9836,µm,Surface,Position,1,485,
37.7198,µm,Surface,Position,1,486,
43.5172,µm,Surface,Position,1,487,
47.3856,µm,Surface,Position,1,488,
43.0926,µm,Surface,Position,1,489,
39.8148,µm,Surface,Position,1,490,
51.2326,µm,Surface,Position,1,491,
46.6925,µm,Surface,Position,1,492,
45.4083,µm,Surface,Position,1,493,
47.4564,µm,Surface,Position,1,494,
51.2985,µm,Surface,Position,1,495,
48.9083,µm,Surface,Position,1,496,
49.8398,µm,Surface,Position,1,498,
42.7539,µm,Surface,Position,1,499,
46.5306,µm,Surface,Position,1,500,
48.8446,µm,Surface,Position,1,501,
48.6987,µm,Surface,Position,1,502,
47.478,µm,Surface,Position,1,503,
45.7856,µm,Surface,Position,1,504,
43.8524,µm,Surface,Position,1,507,
44.9419,µm,Surface,Position,1,508,
50.9761,µm,Surface,Position,1,509,
47.0285,µm,Surface,Position,1,510,
41.8288,µm,Surface,Position,1,511,
41.8685,µm,Surface,Position,1,512,
41.5963,µm,Surface,Position,1,513,
46.754,µm,Surface,Position,1,514,
49.4564,µm,Surface,Position,1,515,
49.4254,µm,Surface,Position,1,516,
42.5997,µm,Surface,Position,1,517,
48.4397,µm,Surface,Position,1,518,
49.0787,µm,Surface,Position,1,519,
45.6715,µm,Surface,Position,1,520,
49.9635,µm,Surface,Position,1,521,
42.1223,µm,Surface,Position,1,522,
48.5912,µm,Surface,Position,1,523,
52.048,µm,Surface,Position,1,524,
45.6857,µm,Surface,Position,1,525,
47.7482,µm,Surface,Position,1,526,
46.6727,µm,Surface,Position,1,527,
49.1227,µm,Surface,Position,1,528,
47.7892,µm,Surface,Position,1,529,
48.8909,µm,Surface,Position,1,530,
51.0847,µm,Surface,Position,1,531,
49.0788,µm,Surface,Position,1,532,
49.2976,µm,Surface,Position,1,533,
39.0883,µm,Surface,Position,1,535,
50.226,µm,Surface,Position,1,536,
48.2302,µm,Surface,Position,1,537,
43.6781,µm,Surface,Position,1,538,
49.0467,µm,Surface,Position,1,541,
47.3408,µm,Surface,Position,1,543,
45.1844,µm,Surface,Position,1,544,
41.3637,µm,Surface,Position,1,545,
47.676,µm,Surface,Position,1,546,
48.1043,µm,Surface,Position,1,547,
52.3734,µm,Surface,Position,1,548,
43.6053,µm,Surface,Position,1,549,
49.9019,µm,Surface,Position,1,550,
43.6509,µm,Surface,Position,1,551,
49.0636,µm,Surface,Position,1,552,
43.0052,µm,Surface,Position,1,553,
50.6489,µm,Surface,Position,1,554,
42.0651,µm,Surface,Position,1,555,
48.1606,µm,Surface,Position,1,556,
49.0738,µm,Surface,Position,1,557,
46.7662,µm,Surface,Position,1,558,
48.4169,µm,Surface,Position,1,559,
50.2347,µm,Surface,Position,1,560,
45.3398,µm,Surface,Position,1,561,
48.0113,µm,Surface,Position,1,562,
50.4642,µm,Surface,Position,1,563,
41.1593,µm,Surface,Position,1,564,
48.4782,µm,Surface,Position,1,565,
41.3334,µm,Surface,Position,1,566,
45.9583,µm,Surface,Position,1,567,
47.3935,µm,Surface,Position,1,568,
44.0313,µm,Surface,Position,1,569,
45.8898,µm,Surface,Position,1,570,
51.3392,µm,Surface,Position,1,571,
50.9167,µm,Surface,Position,1,572,
48.2892,µm,Surface,Position,1,574,
42.2266,µm,Surface,Position,1,575,
48.6232,µm,Surface,Position,1,576,
48.2124,µm,Surface,Position,1,577,
45.7148,µm,Surface,Position,1,578,
42.9365,µm,Surface,Position,1,579,
47.47,µm,Surface,Position,1,580,
46.3034,µm,Surface,Position,1,583,
41.0406,µm,Surface,Position,1,584,
49.5421,µm,Surface,Position,1,585,
44.8914,µm,Surface,Position,1,586,
48.0981,µm,Surface,Position,1,587,
48.641,µm,Surface,Position,1,588,
47.8354,µm,Surface,Position,1,589,
40.5577,µm,Surface,Position,1,590,
44.5264,µm,Surface,Position,1,591,
43.901,µm,Surface,Position,1,592,
44.184,µm,Surface,Position,1,593,
47.1036,µm,Surface,Position,1,594,
48.5292,µm,Surface,Position,1,595,
41.2869,µm,Surface,Position,1,596,
39.901,µm,Surface,Position,1,597,
45.9329,µm,Surface,Position,1,598,
44.105,µm,Surface,Position,1,599,
50.1252,µm,Surface,Position,1,600,
45.2386,µm,Surface,Position,1,601,
46.9767,µm,Surface,Position,1,602,
41.4813,µm,Surface,Position,1,603,
47.8586,µm,Surface,Position,1,604,
44.2626,µm,Surface,Position,1,605,
49.8131,µm,Surface,Position,1,606,
42.987,µm,Surface,Position,1,607,
47.1632,µm,Surface,Position,1,608,
44.1665,µm,Surface,Position,1,609,
49.5573,µm,Surface,Position,1,610,
47.6413,µm,Surface,Position,1,611,
49.6567,µm,Surface,Position,1,612,
48.1404,µm,Surface,Position,1,613,
42.2315,µm,Surface,Position,1,614,
45.1991,µm,Surface,Position,1,615,
47.5174,µm,Surface,Position,1,616,
44.6761,µm,Surface,Position,1,617,
38.9104,µm,Surface,Position,1,618,
46.5316,µm,Surface,Position,1,619,
45.2252,µm,Surface,Position,1,620,
43.4859,µm,Surface,Position,1,621,
48.1902,µm,Surface,Position,1,622,
43.3329,µm,Surface,Position,1,623,
49.1088,µm,Surface,Position,1,624,
40.6101,µm,Surface,Position,1,625,
40.594,µm,Surface,Position,1,626,
40.7748,µm,Surface,Position,1,627,
49.8333,µm,Surface,Position,1,628,
44.3137,µm,Surface,Position,1,629,
46.5968,µm,Surface,Position,1,630,
43.3912,µm,Surface,Position,1,631,
48.9127,µm,Surface,Position,1,632,
44.7667,µm,Surface,Position,1,633,
47.79,µm,Surface,Position,1,634,
46.8638,µm,Surface,Position,1,635,
47.9571,µm,Surface,Position,1,636,
45.2724,µm,Surface,Position,1,637,
48.0864,µm,Surface,Position,1,638,
50.4494,µm,Surface,Position,1,639,
47.8003,µm,Surface,Position,1,640,
42.5631,µm,Surface,Position,1,641,
46.9788,µm,Surface,Position,1,642,
47.7771,µm,Surface,Position,1,643,
46.7587,µm,Surface,Position,1,644,
39.8561,µm,Surface,Position,1,645,
50.1222,µm,Surface,Position,1,646,
44.868,µm,Surface,Position,1,647,
38.1346,µm,Surface,Position,1,648,
40.5158,µm,Surface,Position,1,649,
41.7124,µm,Surface,Position,1,650,
41.1244,µm,Surface,Position,1,651,
40.2097,µm,Surface,Position,1,652,
43.6478,µm,Surface,Position,1,653,
46.663,µm,Surface,Position,1,654,
49.1615,µm,Surface,Position,1,655,
43.3857,µm,Surface,Position,1,656,
45.7187,µm,Surface,Position,1,657,
45.3951,µm,Surface,Position,1,658,
46.2596,µm,Surface,Position,1,659,
50.818,µm,Surface,Position,1,661,
48.098,µm,Surface,Position,1,662,
47.3839,µm,Surface,Position,1,663,
47.0384,µm,Surface,Position,1,664,
45.2069,µm,Surface,Position,1,665,
39.834,µm,Surface,Position,1,666,
42.9838,µm,Surface,Position,1,667,
39.4363,µm,Surface,Position,1,668,
43.8199,µm,Surface,Position,1,669,
46.4161,µm,Surface,Position,1,670,
39.9727,µm,Surface,Position,1,671,
41.087,µm,Surface,Position,1,673,
41.2208,µm,Surface,Position,1,674,
51.9936,µm,Surface,Position,1,675,
45.9669,µm,Surface,Position,1,676,
46.667,µm,Surface,Position,1,677,
46.3132,µm,Surface,Position,1,678,
48.8591,µm,Surface,Position,1,679,
49.6643,µm,Surface,Position,1,680,
39.1714,µm,Surface,Position,1,681,
46.7847,µm,Surface,Position,1,682,
45.6293,µm,Surface,Position,1,683,
40.0092,µm,Surface,Position,1,684,
45.7996,µm,Surface,Position,1,685,
50.1596,µm,Surface,Position,1,686,
42.372,µm,Surface,Position,1,687,
45.7272,µm,Surface,Position,1,688,
43.4203,µm,Surface,Position,1,689,
39.3945,µm,Surface,Position,1,690,
45.8982,µm,Surface,Position,1,691,
43.7333,µm,Surface,Position,1,692,
39.107,µm,Surface,Position,1,693,
45.027,µm,Surface,Position,1,694,
51.4988,µm,Surface,Position,1,695,
42.1804,µm,Surface,Position,1,696,
46.1374,µm,Surface,Position,1,697,
45.2597,µm,Surface,Position,1,698,
45.9576,µm,Surface,Position,1,699,
48.9337,µm,Surface,Position,1,700,
49.2446,µm,Surface,Position,1,701,
50.0767,µm,Surface,Position,1,702,
45.8439,µm,Surface,Position,1,703,
42.9868,µm,Surface,Position,1,704,
46.1021,µm,Surface,Position,1,705,
46.7707,µm,Surface,Position,1,706,
48.9048,µm,Surface,Position,1,707,
43.2792,µm,Surface,Position,1,708,
38.5237,µm,Surface,Position,1,709,
41.4299,µm,Surface,Position,1,710,
49.0864,µm,Surface,Position,1,713,
50.4936,µm,Surface,Position,1,714,
49.7147,µm,Surface,Position,1,715,
41.486,µm,Surface,Position,1,716,
48.5465,µm,Surface,Position,1,717,
41.5927,µm,Surface,Position,1,718,
51.0402,µm,Surface,Position,1,719,
42.939,µm,Surface,Position,1,720,
41.7006,µm,Surface,Position,1,721,
51.633,µm,Surface,Position,1,722,
45.6361,µm,Surface,Position,1,723,
42.4256,µm,Surface,Position,1,724,
35.9216,µm,Surface,Position,1,725,
45.459,µm,Surface,Position,1,726,
39.689,µm,Surface,Position,1,727,
49.9927,µm,Surface,Position,1,728,
41.4025,µm,Surface,Position,1,729,
39.7209,µm,Surface,Position,1,730,
49.5602,µm,Surface,Position,1,731,
39.4719,µm,Surface,Position,1,732,
42.6359,µm,Surface,Position,1,733,
45.7021,µm,Surface,Position,1,734,
40.269,µm,Surface,Position,1,736,
40.5862,µm,Surface,Position,1,737,
42.9873,µm,Surface,Position,1,738,
45.4791,µm,Surface,Position,1,739,
43.7994,µm,Surface,Position,1,740,
47.1575,µm,Surface,Position,1,741,
44.3663,µm,Surface,Position,1,742,
49.71,µm,Surface,Position,1,743,
44.5487,µm,Surface,Position,1,744,
46.243,µm,Surface,Position,1,745,
49.4238,µm,Surface,Position,1,746,
46.1431,µm,Surface,Position,1,747,
48.1228,µm,Surface,Position,1,748,
49.3914,µm,Surface,Position,1,749,
43.3938,µm,Surface,Position,1,750,
50.276,µm,Surface,Position,1,751,
48.4085,µm,Surface,Position,1,753,
44.5081,µm,Surface,Position,1,754,
45.6397,µm,Surface,Position,1,755,
45.8178,µm,Surface,Position,1,756,
46.6422,µm,Surface,Position,1,757,
45.2106,µm,Surface,Position,1,758,
41.0688,µm,Surface,Position,1,759,
41.9093,µm,Surface,Position,1,760,
40.1529,µm,Surface,Position,1,761,
44.461,µm,Surface,Position,1,762,
49.6149,µm,Surface,Position,1,763,
45.1374,µm,Surface,Position,1,764,
45.0094,µm,Surface,Position,1,765,
46.2194,µm,Surface,Position,1,766,
44.2354,µm,Surface,Position,1,767,
43.235,µm,Surface,Position,1,768,
48.6064,µm,Surface,Position,1,769,
44.9067,µm,Surface,Position,1,770,
49.0119,µm,Surface,Position,1,771,
40.8829,µm,Surface,Position,1,772,
47.6201,µm,Surface,Position,1,773,
46.4058,µm,Surface,Position,1,774,
44.6878,µm,Surface,Position,1,775,
44.5361,µm,Surface,Position,1,776,
45.4685,µm,Surface,Position,1,777,
48.7436,µm,Surface,Position,1,778,
47.3119,µm,Surface,Position,1,779,
44.4487,µm,Surface,Position,1,780,
40.4874,µm,Surface,Position,1,781,
48.8701,µm,Surface,Position,1,782,
42.5545,µm,Surface,Position,1,783,
44.3872,µm,Surface,Position,1,784,
44.9437,µm,Surface,Position,1,785,
37.7124,µm,Surface,Position,1,786,
39.3227,µm,Surface,Position,1,787,
43.5371,µm,Surface,Position,1,788,
48.6706,µm,Surface,Position,1,789,
48.5646,µm,Surface,Position,1,790,
40.5248,µm,Surface,Position,1,791,
45.4591,µm,Surface,Position,1,792,
45.3057,µm,Surface,Position,1,793,
48.2603,µm,Surface,Position,1,795,
44.708,µm,Surface,Position,1,796,
46.4825,µm,Surface,Position,1,797,
45.4292,µm,Surface,Position,1,798,
43.4799,µm,Surface,Position,1,799,
43.1201,µm,Surface,Position,1,801,
49.6889,µm,Surface,Position,1,802,
46.2747,µm,Surface,Position,1,804,
45.4807,µm,Surface,Position,1,805,
44.6004,µm,Surface,Position,1,807,
45.6458,µm,Surface,Position,1,808,
48.9173,µm,Surface,Position,1,809,
48.3131,µm,Surface,Position,1,810,
44.907,µm,Surface,Position,1,811,
37.1343,µm,Surface,Position,1,812,
44.1081,µm,Surface,Position,1,813,
46.2597,µm,Surface,Position,1,814,
46.673,µm,Surface,Position,1,815,
39.5317,µm,Surface,Position,1,816,
49.7307,µm,Surface,Position,1,817,
49.0178,µm,Surface,Position,1,818,
38.6216,µm,Surface,Position,1,819,
44.1344,µm,Surface,Position,1,820,
45.4642,µm,Surface,Position,1,821,
47.4638,µm,Surface,Position,1,823,
46.5966,µm,Surface,Position,1,824,
47.6552,µm,Surface,Position,1,825,
38.4244,µm,Surface,Position,1,826,
49.2155,µm,Surface,Position,1,827,
46.6489,µm,Surface,Position,1,828,
47.614,µm,Surface,Position,1,829,
46.1411,µm,Surface,Position,1,830,
46.2776,µm,Surface,Position,1,831,
48.7368,µm,Surface,Position,1,832,
51.0698,µm,Surface,Position,1,833,
38.7071,µm,Surface,Position,1,834,
49.6384,µm,Surface,Position,1,836,
46.0207,µm,Surface,Position,1,837,
39.5446,µm,Surface,Position,1,838,
45.5583,µm,Surface,Position,1,839,
46.0364,µm,Surface,Position,1,841,
42.3076,µm,Surface,Position,1,842,
44.9246,µm,Surface,Position,1,843,
48.4764,µm,Surface,Position,1,844,
41.4297,µm,Surface,Position,1,846,
46.6807,µm,Surface,Position,1,847,
48.5682,µm,Surface,Position,1,848,
41.34,µm,Surface,Position,1,850,
43.0546,µm,Surface,Position,1,851,
39.5034,µm,Surface,Position,1,852,
39.9462,µm,Surface,Position,1,853,
42.282,µm,Surface,Position,1,854,
47.4057,µm,Surface,Position,1,855,
46.4189,µm,Surface,Position,1,856,
44.6396,µm,Surface,Position,1,858,
47.9037,µm,Surface,Position,1,859,
41.4748,µm,Surface,Position,1,860,
47.7947,µm,Surface,Position,1,861,
45.9567,µm,Surface,Position,1,862,
43.4881,µm,Surface,Position,1,863,
47.6243,µm,Surface,Position,1,864,
46.6392,µm,Surface,Position,1,865,
46.8608,µm,Surface,Position,1,866,
48.0636,µm,Surface,Position,1,867,
48.1719,µm,Surface,Position,1,868,
40.3292,µm,Surface,Position,1,871,
43.2177,µm,Surface,Position,1,872,
39.9362,µm,Surface,Position,1,873,
43.4173,µm,Surface,Position,1,874,
44.2484,µm,Surface,Position,1,875,
51.0368,µm,Surface,Position,1,877,
48.7883,µm,Surface,Position,1,878,
49.5193,µm,Surface,Position,1,879,
44.2219,µm,Surface,Position,1,880,
43.0502,µm,Surface,Position,1,881,
46.7926,µm,Surface,Position,1,884,
48.1909,µm,Surface,Position,1,885,
41.8723,µm,Surface,Position,1,886,
41.4409,µm,Surface,Position,1,887,
44.492,µm,Surface,Position,1,888,
45.1868,µm,Surface,Position,1,889,
43.122,µm,Surface,Position,1,890,
38.6253,µm,Surface,Position,1,891,
42.6745,µm,Surface,Position,1,892,
43.6093,µm,Surface,Position,1,893,
45.5855,µm,Surface,Position,1,894,
45.7533,µm,Surface,Position,1,895,
44.2895,µm,Surface,Position,1,896,
50.2683,µm,Surface,Position,1,897,
43.4132,µm,Surface,Position,1,898,
47.5688,µm,Surface,Position,1,899,
40.7699,µm,Surface,Position,1,901,
43.5038,µm,Surface,Position,1,902,
46.3489,µm,Surface,Position,1,903,
39.5294,µm,Surface,Position,1,904,
43.3705,µm,Surface,Position,1,905,
43.8065,µm,Surface,Position,1,906,
44.4469,µm,Surface,Position,1,907,
49.2066,µm,Surface,Position,1,908,
47.7487,µm,Surface,Position,1,909,
46.6096,µm,Surface,Position,1,910,
48.5061,µm,Surface,Position,1,911,
39.0198,µm,Surface,Position,1,913,
45.7963,µm,Surface,Position,1,914,
46.7976,µm,Surface,Position,1,915,
47.3362,µm,Surface,Position,1,916,
48.2152,µm,Surface,Position,1,917,
47.3252,µm,Surface,Position,1,918,
36.8201,µm,Surface,Position,1,919,
47.0904,µm,Surface,Position,1,920,
44.3126,µm,Surface,Position,1,921,
48.5697,µm,Surface,Position,1,922,
43.6204,µm,Surface,Position,1,923,
44.5964,µm,Surface,Position,1,924,
46.9229,µm,Surface,Position,1,925,
41.1794,µm,Surface,Position,1,926,
43.3119,µm,Surface,Position,1,928,
48.0129,µm,Surface,Position,1,930,
44.1758,µm,Surface,Position,1,931,
47.0282,µm,Surface,Position,1,932,
42.7264,µm,Surface,Position,1,933,
46.8712,µm,Surface,Position,1,934,
47.3022,µm,Surface,Position,1,935,
45.6391,µm,Surface,Position,1,936,
46.2437,µm,Surface,Position,1,938,
46.8276,µm,Surface,Position,1,939,
43.6822,µm,Surface,Position,1,940,
45.3874,µm,Surface,Position,1,941,
43.4659,µm,Surface,Position,1,942,
49.2426,µm,Surface,Position,1,943,
46.3161,µm,Surface,Position,1,944,
42.6661,µm,Surface,Position,1,945,
40.7653,µm,Surface,Position,1,946,
46.5293,µm,Surface,Position,1,947,
40.0042,µm,Surface,Position,1,948,
45.6645,µm,Surface,Position,1,949,
40.0516,µm,Surface,Position,1,950,
51.6389,µm,Surface,Position,1,951,
45.4549,µm,Surface,Position,1,952,
49.6044,µm,Surface,Position,1,953,
48.4917,µm,Surface,Position,1,954,
48.3641,µm,Surface,Position,1,955,
44.2891,µm,Surface,Position,1,956,
42.2463,µm,Surface,Position,1,957,
47.2428,µm,Surface,Position,1,959,
43.8412,µm,Surface,Position,1,960,
47.4547,µm,Surface,Position,1,961,
45.8355,µm,Surface,Position,1,962,
46.2478,µm,Surface,Position,1,963,
42.4451,µm,Surface,Position,1,964,
45.5779,µm,Surface,Position,1,965,
46.6052,µm,Surface,Position,1,966,
39.2728,µm,Surface,Position,1,967,
37.8231,µm,Surface,Position,1,968,
45.3144,µm,Surface,Position,1,969,
48.7123,µm,Surface,Position,1,970,
42.7522,µm,Surface,Position,1,971,
39.7121,µm,Surface,Position,1,973,
41.5167,µm,Surface,Position,1,974,
46.3273,µm,Surface,Position,1,975,
50.4353,µm,Surface,Position,1,977,
47.7065,µm,Surface,Position,1,978,
42.9647,µm,Surface,Position,1,979,
40.5221,µm,Surface,Position,1,980,
46.0985,µm,Surface,Position,1,982,
49.9861,µm,Surface,Position,1,983,
48.4035,µm,Surface,Position,1,984,
50.1563,µm,Surface,Position,1,985,
44.2275,µm,Surface,Position,1,986,
40.8762,µm,Surface,Position,1,987,
43.7117,µm,Surface,Position,1,988,
46.396,µm,Surface,Position,1,989,
45.2558,µm,Surface,Position,1,990,
48.2422,µm,Surface,Position,1,991,
43.2617,µm,Surface,Position,1,992,
43.2523,µm,Surface,Position,1,993,
39.2728,µm,Surface,Position,1,995,
43.3643,µm,Surface,Position,1,996,
45.8868,µm,Surface,Position,1,997,
41.3724,µm,Surface,Position,1,998,
50.7037,µm,Surface,Position,1,999,
42.1044,µm,Surface,Position,1,1000,
42.5552,µm,Surface,Position,1,1001,
46.4369,µm,Surface,Position,1,1002,
46.9275,µm,Surface,Position,1,1003,
43.42,µm,Surface,Position,1,1004,
45.3783,µm,Surface,Position,1,1005,
43.9384,µm,Surface,Position,1,1006,
42.4258,µm,Surface,Position,1,1007,
43.7529,µm,Surface,Position,1,1008,
48.2387,µm,Surface,Position,1,1009,
40.0025,µm,Surface,Position,1,1010,
48.0116,µm,Surface,Position,1,1011,
41.1654,µm,Surface,Position,1,1012,
49.5273,µm,Surface,Position,1,1013,
42.4945,µm,Surface,Position,1,1014,
37.6108,µm,Surface,Position,1,1015,
38.0846,µm,Surface,Position,1,1016,
43.7371,µm,Surface,Position,1,1017,
45.292,µm,Surface,Position,1,1018,
43.9132,µm,Surface,Position,1,1019,
39.066,µm,Surface,Position,1,1020,
47.1169,µm,Surface,Position,1,1021,
44.6728,µm,Surface,Position,1,1022,
44.6621,µm,Surface,Position,1,1023,
42.072,µm,Surface,Position,1,1024,
46.514,µm,Surface,Position,1,1025,
43.5965,µm,Surface,Position,1,1026,
45.5892,µm,Surface,Position,1,1027,
41.0309,µm,Surface,Position,1,1028,
49.9963,µm,Surface,Position,1,1029,
44.6294,µm,Surface,Position,1,1030,
47.3,µm,Surface,Position,1,1031,
46.6895,µm,Surface,Position,1,1032,
47.5825,µm,Surface,Position,1,1033,
45.4441,µm,Surface,Position,1,1034,
46.6147,µm,Surface,Position,1,1035,
49.8534,µm,Surface,Position,1,1036,
38.6471,µm,Surface,Position,1,1037,
46.543,µm,Surface,Position,1,1039,
43.7967,µm,Surface,Position,1,1040,
44.8755,µm,Surface,Position,1,1041,
48.3289,µm,Surface,Position,1,1042,
45.4229,µm,Surface,Position,1,1043,
40.9735,µm,Surface,Position,1,1044,
45.609,µm,Surface,Position,1,1045,
36.0111,µm,Surface,Position,1,1046,
39.2292,µm,Surface,Position,1,1047,
45.4027,µm,Surface,Position,1,1048,
39.8958,µm,Surface,Position,1,1049,
42.8726,µm,Surface,Position,1,1050,
42.8164,µm,Surface,Position,1,1051,
38.7037,µm,Surface,Position,1,1053,
46.3578,µm,Surface,Position,1,1054,
41.9116,µm,Surface,Position,1,1055,
42.6307,µm,Surface,Position,1,1056,
45.9473,µm,Surface,Position,1,1057,
45.1423,µm,Surface,Position,1,1058,
46.587,µm,Surface,Position,1,1059,
43.7931,µm,Surface,Position,1,1060,
43.979,µm,Surface,Position,1,1061,
43.5194,µm,Surface,Position,1,1062,
44.0132,µm,Surface,Position,1,1063,
38.7548,µm,Surface,Position,1,1064,
44.9341,µm,Surface,Position,1,1065,
46.5062,µm,Surface,Position,1,1066,
43.3431,µm,Surface,Position,1,1067,
41.1059,µm,Surface,Position,1,1068,
44.3017,µm,Surface,Position,1,1069,
44.0843,µm,Surface,Position,1,1070,
41.8304,µm,Surface,Position,1,1071,
45.8214,µm,Surface,Position,1,1073,
43.1237,µm,Surface,Position,1,1074,
45.0883,µm,Surface,Position,1,1075,
48.622,µm,Surface,Position,1,1076,
47.9804,µm,Surface,Position,1,1077,
39.7152,µm,Surface,Position,1,1078,
46.6703,µm,Surface,Position,1,1079,
45.6341,µm,Surface,Position,1,1080,
48.4723,µm,Surface,Position,1,1081,
41.9568,µm,Surface,Position,1,1082,
44.7506,µm,Surface,Position,1,1083,
45.3179,µm,Surface,Position,1,1084,
43.5177,µm,Surface,Position,1,1085,
45.9692,µm,Surface,Position,1,1086,
47.0379,µm,Surface,Position,1,1087,
46.136,µm,Surface,Position,1,1088,
43.3246,µm,Surface,Position,1,1089,
44.1389,µm,Surface,Position,1,1090,
46.3064,µm,Surface,Position,1,1091,
40.9434,µm,Surface,Position,1,1092,
45.256,µm,Surface,Position,1,1093,
44.2355,µm,Surface,Position,1,1095,
49.314,µm,Surface,Position,1,1096,
46.7876,µm,Surface,Position,1,1097,
37.943,µm,Surface,Position,1,1099,
44.611,µm,Surface,Position,1,1100,
48.2179,µm,Surface,Position,1,1101,
46.7653,µm,Surface,Position,1,1102,
43.6426,µm,Surface,Position,1,1103,
41.9745,µm,Surface,Position,1,1104,
44.3758,µm,Surface,Position,1,1105,
48.9516,µm,Surface,Position,1,1106,
40.2359,µm,Surface,Position,1,1107,
43.6176,µm,Surface,Position,1,1108,
45.1263,µm,Surface,Position,1,1109,
45.0359,µm,Surface,Position,1,1110,
43.1988,µm,Surface,Position,1,1111,
41.8942,µm,Surface,Position,1,1112,
37.4184,µm,Surface,Position,1,1113,
44.7213,µm,Surface,Position,1,1114,
37.3723,µm,Surface,Position,1,1115,
44.9089,µm,Surface,Position,1,1116,
46.3595,µm,Surface,Position,1,1117,
47.4254,µm,Surface,Position,1,1118,
44.7222,µm,Surface,Position,1,1119,
48.9127,µm,Surface,Position,1,1120,
43.1166,µm,Surface,Position,1,1121,
42.5364,µm,Surface,Position,1,1122,
44.7123,µm,Surface,Position,1,1123,
45.7829,µm,Surface,Position,1,1125,
41.5791,µm,Surface,Position,1,1126,
46.264,µm,Surface,Position,1,1127,
47.8715,µm,Surface,Position,1,1128,
43.4653,µm,Surface,Position,1,1129,
45.2178,µm,Surface,Position,1,1130,
49.4807,µm,Surface,Position,1,1131,
40.0249,µm,Surface,Position,1,1132,
47.5233,µm,Surface,Position,1,1133,
44.2983,µm,Surface,Position,1,1134,
43.8821,µm,Surface,Position,1,1135,
42.0679,µm,Surface,Position,1,1136,
45.5912,µm,Surface,Position,1,1137,
46.0019,µm,Surface,Position,1,1138,
44.1702,µm,Surface,Position,1,1139,
47.7708,µm,Surface,Position,1,1140,
46.5953,µm,Surface,Position,1,1141,
41.1178,µm,Surface,Position,1,1142,
47.976,µm,Surface,Position,1,1143,
43.7612,µm,Surface,Position,1,1144,
46.8729,µm,Surface,Position,1,1145,
44.105,µm,Surface,Position,1,1146,
38.6139,µm,Surface,Position,1,1147,
41.8183,µm,Surface,Position,1,1148,
42.9012,µm,Surface,Position,1,1149,
41.0039,µm,Surface,Position,1,1150,
44.9345,µm,Surface,Position,1,1151,
43.0067,µm,Surface,Position,1,1152,
45.3,µm,Surface,Position,1,1153,
40.0483,µm,Surface,Position,1,1154,
38.4432,µm,Surface,Position,1,1155,
48.1849,µm,Surface,Position,1,1156,
41.6444,µm,Surface,Position,1,1157,
43.1264,µm,Surface,Position,1,1158,
43.032,µm,Surface,Position,1,1159,
42.3596,µm,Surface,Position,1,1160,
41.6932,µm,Surface,Position,1,1161,
50.2891,µm,Surface,Position,1,1162,
45.2312,µm,Surface,Position,1,1163,
48.9407,µm,Surface,Position,1,1164,
44.7645,µm,Surface,Position,1,1165,
45.8546,µm,Surface,Position,1,1166,
46.3222,µm,Surface,Position,1,1167,
45.632,µm,Surface,Position,1,1168,
44.2315,µm,Surface,Position,1,1170,
45.4691,µm,Surface,Position,1,1171,
47.3772,µm,Surface,Position,1,1172,
44.8274,µm,Surface,Position,1,1173,
47.6902,µm,Surface,Position,1,1174,
46.5504,µm,Surface,Position,1,1175,
38.8906,µm,Surface,Position,1,1176,
47.6185,µm,Surface,Position,1,1177,
43.8054,µm,Surface,Position,1,1178,
39.9977,µm,Surface,Position,1,1179,
47.7343,µm,Surface,Position,1,1180,
44.4609,µm,Surface,Position,1,1181,
43.5575,µm,Surface,Position,1,1182,
47.7232,µm,Surface,Position,1,1183,
43.5356,µm,Surface,Position,1,1184,
44.9108,µm,Surface,Position,1,1185,
48.7885,µm,Surface,Position,1,1186,
46.1617,µm,Surface,Position,1,1188,
44.8061,µm,Surface,Position,1,1189,
47.7748,µm,Surface,Position,1,1190,
46.799,µm,Surface,Position,1,1191,
37.2136,µm,Surface,Position,1,1192,
46.8036,µm,Surface,Position,1,1193,
45.3215,µm,Surface,Position,1,1194,
43.5158,µm,Surface,Position,1,1196,
45.3216,µm,Surface,Position,1,1197,
44.4004,µm,Surface,Position,1,1198,
46.5397,µm,Surface,Position,1,1199,
41.003,µm,Surface,Position,1,1200,
43.7027,µm,Surface,Position,1,1201,
45.0445,µm,Surface,Position,1,1202,
41.2507,µm,Surface,Position,1,1203,
45.2102,µm,Surface,Position,1,1204,
40.3337,µm,Surface,Position,1,1205,
44.7083,µm,Surface,Position,1,1206,
45.94,µm,Surface,Position,1,1207,
46.6339,µm,Surface,Position,1,1208,
39.4705,µm,Surface,Position,1,1209,
43.4553,µm,Surface,Position,1,1210,
43.8027,µm,Surface,Position,1,1211,
46.6859,µm,Surface,Position,1,1212,
39.5426,µm,Surface,Position,1,1213,
44.551,µm,Surface,Position,1,1214,
37.6079,µm,Surface,Position,1,1215,
45.8616,µm,Surface,Position,1,1216,
44.8815,µm,Surface,Position,1,1217,
47.8791,µm,Surface,Position,1,1218,
40.4512,µm,Surface,Position,1,1219,
44.3927,µm,Surface,Position,1,1220,
44.1639,µm,Surface,Position,1,1221,
45.479,µm,Surface,Position,1,1222,
41.6622,µm,Surface,Position,1,1223,
49.2228,µm,Surface,Position,1,1224,
39.242,µm,Surface,Position,1,1225,
47.2614,µm,Surface,Position,1,1227,
45.5902,µm,Surface,Position,1,1228,
44.3771,µm,Surface,Position,1,1229,
45.698,µm,Surface,Position,1,1230,
47.2518,µm,Surface,Position,1,1231,
43.6578,µm,Surface,Position,1,1232,
43.37,µm,Surface,Position,1,1233,
47.1725,µm,Surface,Position,1,1234,
45.3639,µm,Surface,Position,1,1235,
45.6997,µm,Surface,Position,1,1237,
46.337,µm,Surface,Position,1,1239,
46.5204,µm,Surface,Position,1,1240,
42.4687,µm,Surface,Position,1,1241,
42.0257,µm,Surface,Position,1,1242,
45.5651,µm,Surface,Position,1,1243,
49.5283,µm,Surface,Position,1,1244,
42.4676,µm,Surface,Position,1,1245,
44.2852,µm,Surface,Position,1,1246,
48.1015,µm,Surface,Position,1,1247,
47.0112,µm,Surface,Position,1,1249,
43.8125,µm,Surface,Position,1,1250,
48.1181,µm,Surface,Position,1,1251,
46.8269,µm,Surface,Position,1,1252,
41.8861,µm,Surface,Position,1,1253,
45.244,µm,Surface,Position,1,1254,
37.1074,µm,Surface,Position,1,1255,
49.7994,µm,Surface,Position,1,1256,
46.7431,µm,Surface,Position,1,1257,
43.7951,µm,Surface,Position,1,1258,
48.507,µm,Surface,Position,1,1259,
40.519,µm,Surface,Position,1,1260,
42.7672,µm,Surface,Position,1,1261,
46.4912,µm,Surface,Position,1,1262,
43.6789,µm,Surface,Position,1,1263,
44.6841,µm,Surface,Position,1,1264,
48.5137,µm,Surface,Position,1,1265,
41.3986,µm,Surface,Position,1,1267,
41.6156,µm,Surface,Position,1,1268,
44.2882,µm,Surface,Position,1,1269,
43.923,µm,Surface,Position,1,1270,
44.3318,µm,Surface,Position,1,1271,
40.9541,µm,Surface,Position,1,1273,
42.0828,µm,Surface,Position,1,1274,
44.5833,µm,Surface,Position,1,1275,
43.1132,µm,Surface,Position,1,1276,
45.1634,µm,Surface,Position,1,1277,
46.8088,µm,Surface,Position,1,1278,
46.0745,µm,Surface,Position,1,1279,
41.0018,µm,Surface,Position,1,1281,
40.0621,µm,Surface,Position,1,1282,
47.8368,µm,Surface,Position,1,1284,
47.1956,µm,Surface,Position,1,1285,
44.033,µm,Surface,Position,1,1286,
42.7916,µm,Surface,Position,1,1287,
43.0114,µm,Surface,Position,1,1288,
41.5682,µm,Surface,Position,1,1289,
40.4609,µm,Surface,Position,1,1290,
40.2539,µm,Surface,Position,1,1291,
44.8463,µm,Surface,Position,1,1292,
45.5248,µm,Surface,Position,1,1293,
43.653,µm,Surface,Position,1,1295,
41.1525,µm,Surface,Position,1,1296,
45.6865,µm,Surface,Position,1,1297,
45.7933,µm,Surface,Position,1,1298,
41.4311,µm,Surface,Position,1,1299,
47.4639,µm,Surface,Position,1,1300,
44.0425,µm,Surface,Position,1,1301,
44.012,µm,Surface,Position,1,1302,
44.7635,µm,Surface,Position,1,1303,
46.8627,µm,Surface,Position,1,1304,
44.7608,µm,Surface,Position,1,1305,
44.3945,µm,Surface,Position,1,1306,
45.164,µm,Surface,Position,1,1308,
41.9111,µm,Surface,Position,1,1309,
42.5801,µm,Surface,Position,1,1310,
43.1888,µm,Surface,Position,1,1311,
44.7807,µm,Surface,Position,1,1312,
44.4348,µm,Surface,Position,1,1313,
43.4435,µm,Surface,Position,1,1314,
43.5242,µm,Surface,Position,1,1315,
43.2029,µm,Surface,Position,1,1316,
42.108,µm,Surface,Position,1,1317,
39.0407,µm,Surface,Position,1,1318,
45.4834,µm,Surface,Position,1,1319,
44.1087,µm,Surface,Position,1,1320,
43.1152,µm,Surface,Position,1,1321,
38.3723,µm,Surface,Position,1,1322,
41.9016,µm,Surface,Position,1,1323,
45.9905,µm,Surface,Position,1,1324,
43.5479,µm,Surface,Position,1,1325,
42.6854,µm,Surface,Position,1,1326,
37.5991,µm,Surface,Position,1,1327,
46.9339,µm,Surface,Position,1,1328,
42.5258,µm,Surface,Position,1,1329,
46.5294,µm,Surface,Position,1,1330,
44.0738,µm,Surface,Position,1,1331,
38.212,µm,Surface,Position,1,1332,
46.6178,µm,Surface,Position,1,1334,
46.5511,µm,Surface,Position,1,1335,
42.238,µm,Surface,Position,1,1336,
44.9977,µm,Surface,Position,1,1337,
43.5721,µm,Surface,Position,1,1338,
43.3737,µm,Surface,Position,1,1339,
48.7422,µm,Surface,Position,1,1340,
44.8334,µm,Surface,Position,1,1341,
45.4947,µm,Surface,Position,1,1342,
43.8845,µm,Surface,Position,1,1343,
46.8802,µm,Surface,Position,1,1344,
44.0682,µm,Surface,Position,1,1345,
46.2795,µm,Surface,Position,1,1346,
41.8031,µm,Surface,Position,1,1347,
46.4359,µm,Surface,Position,1,1348,
46.0157,µm,Surface,Position,1,1349,
44.002,µm,Surface,Position,1,1351,
45.7139,µm,Surface,Position,1,1352,
42.8331,µm,Surface,Position,1,1353,
46.5886,µm,Surface,Position,1,1354,
44.3613,µm,Surface,Position,1,1356,
39.9295,µm,Surface,Position,1,1357,
42.879,µm,Surface,Position,1,1358,
46.5759,µm,Surface,Position,1,1359,
41.0402,µm,Surface,Position,1,1360,
39.1553,µm,Surface,Position,1,1362,
47.8489,µm,Surface,Position,1,1363,
43.1822,µm,Surface,Position,1,1364,
47.6606,µm,Surface,Position,1,1365,
42.4219,µm,Surface,Position,1,1366,
45.1374,µm,Surface,Position,1,1367,
42.3376,µm,Surface,Position,1,1368,
43.2067,µm,Surface,Position,1,1369,
45.0123,µm,Surface,Position,1,1370,
44.2431,µm,Surface,Position,1,1372,
48.579,µm,Surface,Position,1,1373,
42.5712,µm,Surface,Position,1,1374,
45.276,µm,Surface,Position,1,1375,
44.0853,µm,Surface,Position,1,1376,
43.3516,µm,Surface,Position,1,1377,
41.4028,µm,Surface,Position,1,1379,
36.6182,µm,Surface,Position,1,1380,
43.8355,µm,Surface,Position,1,1381,
42.5064,µm,Surface,Position,1,1382,
45.4787,µm,Surface,Position,1,1383,
46.5037,µm,Surface,Position,1,1384,
42.7206,µm,Surface,Position,1,1385,
45.0453,µm,Surface,Position,1,1386,
35.6157,µm,Surface,Position,1,1387,
43.4661,µm,Surface,Position,1,1388,
45.4669,µm,Surface,Position,1,1389,
42.327,µm,Surface,Position,1,1390,
40.5753,µm,Surface,Position,1,1391,
41.5654,µm,Surface,Position,1,1392,
41.8368,µm,Surface,Position,1,1393,
45.1272,µm,Surface,Position,1,1394,
44.2529,µm,Surface,Position,1,1395,
37.2901,µm,Surface,Position,1,1396,
41.4404,µm,Surface,Position,1,1397,
42.4496,µm,Surface,Position,1,1398,
47.5491,µm,Surface,Position,1,1399,
44.5274,µm,Surface,Position,1,1400,
44.7674,µm,Surface,Position,1,1401,
43.182,µm,Surface,Position,1,1402,
46.7734,µm,Surface,Position,1,1404,
40.6132,µm,Surface,Position,1,1405,
45.6882,µm,Surface,Position,1,1406,
44.3867,µm,Surface,Position,1,1407,
44.6695,µm,Surface,Position,1,1408,
44.3809,µm,Surface,Position,1,1409,
43.6986,µm,Surface,Position,1,1410,
43.6637,µm,Surface,Position,1,1411,
46.004,µm,Surface,Position,1,1412,
45.7923,µm,Surface,Position,1,1413,
43.8317,µm,Surface,Position,1,1414,
43.5566,µm,Surface,Position,1,1416,
44.3063,µm,Surface,Position,1,1417,
46.8996,µm,Surface,Position,1,1418,
37.2512,µm,Surface,Position,1,1419,
44.5401,µm,Surface,Position,1,1421,
45.8102,µm,Surface,Position,1,1422,
42.8304,µm,Surface,Position,1,1423,
47.4473,µm,Surface,Position,1,1424,
43.7951,µm,Surface,Position,1,1425,
42.6227,µm,Surface,Position,1,1426,
45.6767,µm,Surface,Position,1,1427,
44.2351,µm,Surface,Position,1,1428,
38.4222,µm,Surface,Position,1,1429,
43.0717,µm,Surface,Position,1,1430,
44.6985,µm,Surface,Position,1,1431,
43.7107,µm,Surface,Position,1,1432,
48.0367,µm,Surface,Position,1,1433,
39.0669,µm,Surface,Position,1,1434,
44.3994,µm,Surface,Position,1,1435,
43.7394,µm,Surface,Position,1,1436,
42.8446,µm,Surface,Position,1,1437,
46.4792,µm,Surface,Position,1,1438,
44.411,µm,Surface,Position,1,1439,
42.9146,µm,Surface,Position,1,1440,
43.5597,µm,Surface,Position,1,1441,
43.2837,µm,Surface,Position,1,1442,
44.3038,µm,Surface,Position,1,1443,
41.9316,µm,Surface,Position,1,1444,
42.5479,µm,Surface,Position,1,1445,
44.946,µm,Surface,Position,1,1446,
43.875,µm,Surface,Position,1,1447,
44.2582,µm,Surface,Position,1,1448,
43.5645,µm,Surface,Position,1,1449,
41.7353,µm,Surface,Position,1,1450,
44.0853,µm,Surface,Position,1,1452,
46.5468,µm,Surface,Position,1,1453,
44.4474,µm,Surface,Position,1,1454,
42.1928,µm,Surface,Position,1,1455,
45.3021,µm,Surface,Position,1,1456,
43.6121,µm,Surface,Position,1,1457,
43.0145,µm,Surface,Position,1,1458,
48.057,µm,Surface,Position,1,1459,
42.5112,µm,Surface,Position,1,1460,
42.5689,µm,Surface,Position,1,1462,
46.5231,µm,Surface,Position,1,1463,
46.3851,µm,Surface,Position,1,1464,
44.2824,µm,Surface,Position,1,1465,
46.1917,µm,Surface,Position,1,1466,
39.7195,µm,Surface,Position,1,1467,
43.7435,µm,Surface,Position,1,1468,
47.1681,µm,Surface,Position,1,1469,
48.0142,µm,Surface,Position,1,1470,
36.1758,µm,Surface,Position,1,1471,
41.9491,µm,Surface,Position,1,1472,
41.2387,µm,Surface,Position,1,1473,
41.1298,µm,Surface,Position,1,1474,
43.3024,µm,Surface,Position,1,1475,
39.9346,µm,Surface,Position,1,1476,
43.5741,µm,Surface,Position,1,1477,
43.6015,µm,Surface,Position,1,1478,
45.4399,µm,Surface,Position,1,1479,
44.3335,µm,Surface,Position,1,1480,
44.7265,µm,Surface,Position,1,1482,
43.2295,µm,Surface,Position,1,1483,
39.7573,µm,Surface,Position,1,1484,
39.7756,µm,Surface,Position,1,1485,
42.4245,µm,Surface,Position,1,1486,
37.4893,µm,Surface,Position,1,1487,
46.0405,µm,Surface,Position,1,1488,
41.7529,µm,Surface,Position,1,1489,
36.9989,µm,Surface,Position,1,1490,
47.0176,µm,Surface,Position,1,1491,
47.2589,µm,Surface,Position,1,1492,
43.0076,µm,Surface,Position,1,1493,
42.6815,µm,Surface,Position,1,1494,
48.6318,µm,Surface,Position,1,1495,
37.5266,µm,Surface,Position,1,1496,
41.5297,µm,Surface,Position,1,1497,
41.5915,µm,Surface,Position,1,1498,
43.0068,µm,Surface,Position,1,1499,
41.9155,µm,Surface,Position,1,1500,
45.1836,µm,Surface,Position,1,1501,
48.108,µm,Surface,Position,1,1502,
43.9403,µm,Surface,Position,1,1503,
46.7117,µm,Surface,Position,1,1504,
45.3812,µm,Surface,Position,1,1505,
42.189,µm,Surface,Position,1,1507,
41.4317,µm,Surface,Position,1,1508,
43.1043,µm,Surface,Position,1,1509,
43.5921,µm,Surface,Position,1,1510,
44.8485,µm,Surface,Position,1,1511,
42.1627,µm,Surface,Position,1,1512,
43.6908,µm,Surface,Position,1,1513,
42.0899,µm,Surface,Position,1,1514,
43.7425,µm,Surface,Position,1,1515,
42.8868,µm,Surface,Position,1,1516,
42.9189,µm,Surface,Position,1,1517,
39.0843,µm,Surface,Position,1,1518,
43.5202,µm,Surface,Position,1,1519,
41.9822,µm,Surface,Position,1,1520,
43.8794,µm,Surface,Position,1,1521,
42.7592,µm,Surface,Position,1,1522,
45.9723,µm,Surface,Position,1,1524,
44.1423,µm,Surface,Position,1,1525,
43.2524,µm,Surface,Position,1,1526,
36.2087,µm,Surface,Position,1,1527,
42.6057,µm,Surface,Position,1,1528,
44.309,µm,Surface,Position,1,1529,
42.0367,µm,Surface,Position,1,1530,
44.828,µm,Surface,Position,1,1531,
44.3965,µm,Surface,Position,1,1533,
40.7016,µm,Surface,Position,1,1534,
44.2917,µm,Surface,Position,1,1535,
41.8288,µm,Surface,Position,1,1536,
37.2609,µm,Surface,Position,1,1538,
43.3856,µm,Surface,Position,1,1539,
43.9862,µm,Surface,Position,1,1540,
45.2692,µm,Surface,Position,1,1541,
40.7393,µm,Surface,Position,1,1542,
43.6798,µm,Surface,Position,1,1543,
36.2966,µm,Surface,Position,1,1544,
39.4404,µm,Surface,Position,1,1545,
45.1623,µm,Surface,Position,1,1546,
43.5777,µm,Surface,Position,1,1547,
45.9415,µm,Surface,Position,1,1548,
41.7382,µm,Surface,Position,1,1549,
42.7812,µm,Surface,Position,1,1550,
41.3934,µm,Surface,Position,1,1552,
46.0142,µm,Surface,Position,1,1553,
41.5042,µm,Surface,Position,1,1554,
37.937,µm,Surface,Position,1,1556,
44.7399,µm,Surface,Position,1,1557,
41.621,µm,Surface,Position,1,1558,
36.9986,µm,Surface,Position,1,1560,
43.8854,µm,Surface,Position,1,1561,
40.0771,µm,Surface,Position,1,1562,
43.025,µm,Surface,Position,1,1564,
43.7877,µm,Surface,Position,1,1565,
46.202,µm,Surface,Position,1,1566,
44.8293,µm,Surface,Position,1,1567,
43.3937,µm,Surface,Position,1,1568,
45.1896,µm,Surface,Position,1,1569,
43.0651,µm,Surface,Position,1,1570,
42.3565,µm,Surface,Position,1,1571,
42.484,µm,Surface,Position,1,1573,
38.6323,µm,Surface,Position,1,1574,
41.1506,µm,Surface,Position,1,1575,
41.3643,µm,Surface,Position,1,1576,
41.5055,µm,Surface,Position,1,1577,
40.142,µm,Surface,Position,1,1578,
43.9487,µm,Surface,Position,1,1579,
44.2641,µm,Surface,Position,1,1580,
42.8524,µm,Surface,Position,1,1582,
43.6736,µm,Surface,Position,1,1583,
42.0813,µm,Surface,Position,1,1585,
44.2975,µm,Surface,Position,1,1587,
44.0415,µm,Surface,Position,1,1588,
42.7119,µm,Surface,Position,1,1589,
40.2383,µm,Surface,Position,1,1590,
43.2356,µm,Surface,Position,1,1591,
42.1986,µm,Surface,Position,1,1592,
42.7134,µm,Surface,Position,1,1593,
41.3369,µm,Surface,Position,1,1594,
43.8892,µm,Surface,Position,1,1595,
42.5101,µm,Surface,Position,1,1596,
43.1577,µm,Surface,Position,1,1597,
42.8754,µm,Surface,Position,1,1598,
44.4549,µm,Surface,Position,1,1599,
43.0228,µm,Surface,Position,1,1600,
43.6932,µm,Surface,Position,1,1601,
42.4211,µm,Surface,Position,1,1602,
40.6763,µm,Surface,Position,1,1603,
39.206,µm,Surface,Position,1,1604,
46.0187,µm,Surface,Position,1,1605,
41.489,µm,Surface,Position,1,1606,
43.172,µm,Surface,Position,1,1608,
42.3763,µm,Surface,Position,1,1609,
39.6935,µm,Surface,Position,1,1610,
39.9514,µm,Surface,Position,1,1611,
43.6544,µm,Surface,Position,1,1612,
44.3628,µm,Surface,Position,1,1613,
41.0002,µm,Surface,Position,1,1614,
42.9903,µm,Surface,Position,1,1615,
40.801,µm,Surface,Position,1,1616,
43.5757,µm,Surface,Position,1,1617,
41.4102,µm,Surface,Position,1,1618,
43.1437,µm,Surface,Position,1,1619,
38.9869,µm,Surface,Position,1,1620,
41.5443,µm,Surface,Position,1,1621,
44.8958,µm,Surface,Position,1,1622,
40.6172,µm,Surface,Position,1,1623,
41.8893,µm,Surface,Position,1,1625,
44.4525,µm,Surface,Position,1,1626,
41.1956,µm,Surface,Position,1,1627,
44.9624,µm,Surface,Position,1,1628,
38.2143,µm,Surface,Position,1,1630,
37.8151,µm,Surface,Position,1,1631,
42.3874,µm,Surface,Position,1,1632,
44.6441,µm,Surface,Position,1,1633,
44.0505,µm,Surface,Position,1,1634,
43.0802,µm,Surface,Position,1,1635,
44.5443,µm,Surface,Position,1,1636,
40.7502,µm,Surface,Position,1,1637,
42.2494,µm,Surface,Position,1,1638,
40.9556,µm,Surface,Position,1,1639,
41.9375,µm,Surface,Position,1,1640,
41.8176,µm,Surface,Position,1,1641,
37.1422,µm,Surface,Position,1,1642,
46.1489,µm,Surface,Position,1,1643,
40.2914,µm,Surface,Position,1,1644,
43.8312,µm,Surface,Position,1,1646,
43.1842,µm,Surface,Position,1,1647,
43.7622,µm,Surface,Position,1,1648,
43.3245,µm,Surface,Position,1,1649,
45.0715,µm,Surface,Position,1,1650,
43.9979,µm,Surface,Position,1,1652,
36.0308,µm,Surface,Position,1,1654,
42.6801,µm,Surface,Position,1,1655,
44.9473,µm,Surface,Position,1,1656,
43.7077,µm,Surface,Position,1,1657,
41.6546,µm,Surface,Position,1,1658,
35.1215,µm,Surface,Position,1,1659,
38.741,µm,Surface,Position,1,1660,
43.1528,µm,Surface,Position,1,1661,
43.4169,µm,Surface,Position,1,1662,
43.5332,µm,Surface,Position,1,1663,
44.3833,µm,Surface,Position,1,1664,
44.4213,µm,Surface,Position,1,1665,
40.6278,µm,Surface,Position,1,1666,
42.0003,µm,Surface,Position,1,1667,
41.1409,µm,Surface,Position,1,1668,
44.0275,µm,Surface,Position,1,1669,
42.0782,µm,Surface,Position,1,1670,
46.587,µm,Surface,Position,1,1671,
41.505,µm,Surface,Position,1,1672,
40.9907,µm,Surface,Position,1,1673,
43.4588,µm,Surface,Position,1,1674,
41.6541,µm,Surface,Position,1,1675,
42.4428,µm,Surface,Position,1,1676,
42.8035,µm,Surface,Position,1,1677,
43.2293,µm,Surface,Position,1,1678,
44.068,µm,Surface,Position,1,1679,
42.7232,µm,Surface,Position,1,1680,
40.9995,µm,Surface,Position,1,1681,
44.8697,µm,Surface,Position,1,1682,
40.1118,µm,Surface,Position,1,1683,
42.8373,µm,Surface,Position,1,1684,
43.3008,µm,Surface,Position,1,1685,
42.1713,µm,Surface,Position,1,1686,
45.9068,µm,Surface,Position,1,1687,
41.4462,µm,Surface,Position,1,1688,
43.1918,µm,Surface,Position,1,1689,
41.4305,µm,Surface,Position,1,1690,
43.7371,µm,Surface,Position,1,1691,
36.3425,µm,Surface,Position,1,1692,
42.5872,µm,Surface,Position,1,1693,
42.7434,µm,Surface,Position,1,1694,
40.8049,µm,Surface,Position,1,1695,
44.424,µm,Surface,Position,1,1696,
40.3301,µm,Surface,Position,1,1697,
45.91,µm,Surface,Position,1,1698,
43.6427,µm,Surface,Position,1,1699,
41.7578,µm,Surface,Position,1,1700,
41.0204,µm,Surface,Position,1,1701,
46.8799,µm,Surface,Position,1,1702,
43.7143,µm,Surface,Position,1,1703,
41.9894,µm,Surface,Position,1,1704,
44.9941,µm,Surface,Position,1,1705,
43.9014,µm,Surface,Position,1,1706,
42.352,µm,Surface,Position,1,1707,
42.0776,µm,Surface,Position,1,1708,
42.9888,µm,Surface,Position,1,1710,
43.5964,µm,Surface,Position,1,1711,
39.7741,µm,Surface,Position,1,1712,
43.9524,µm,Surface,Position,1,1713,
41.0096,µm,Surface,Position,1,1714,
43.0964,µm,Surface,Position,1,1715,
44.4285,µm,Surface,Position,1,1716,
42.8502,µm,Surface,Position,1,1717,
40.1682,µm,Surface,Position,1,1718,
36.796,µm,Surface,Position,1,1719,
44.8239,µm,Surface,Position,1,1720,
40.8552,µm,Surface,Position,1,1721,
43.0239,µm,Surface,Position,1,1722,
42.5545,µm,Surface,Position,1,1724,
41.4166,µm,Surface,Position,1,1725,
45.7775,µm,Surface,Position,1,1726,
41.9358,µm,Surface,Position,1,1727,
42.4659,µm,Surface,Position,1,1728,
43.593,µm,Surface,Position,1,1730,
38.6378,µm,Surface,Position,1,1731,
43.6917,µm,Surface,Position,1,1732,
40.0772,µm,Surface,Position,1,1733,
44.7528,µm,Surface,Position,1,1734,
42.4814,µm,Surface,Position,1,1736,
42.1988,µm,Surface,Position,1,1737,
41.0507,µm,Surface,Position,1,1738,
42.3645,µm,Surface,Position,1,1739,
44.1973,µm,Surface,Position,1,1740,
43.0439,µm,Surface,Position,1,1741,
41.7184,µm,Surface,Position,1,1742,
43.5545,µm,Surface,Position,1,1743,
43.2798,µm,Surface,Position,1,1744,
43.0204,µm,Surface,Position,1,1745,
44.6192,µm,Surface,Position,1,1746,
43.4217,µm,Surface,Position,1,1748,
35.8859,µm,Surface,Position,1,1749,
41.7881,µm,Surface,Position,1,1750,
39.3434,µm,Surface,Position,1,1751,
44.0105,µm,Surface,Position,1,1752,
42.2665,µm,Surface,Position,1,1753,
36.555,µm,Surface,Position,1,1754,
42.3876,µm,Surface,Position,1,1755,
41.3958,µm,Surface,Position,1,1756,
43.3733,µm,Surface,Position,1,1757,
43.6713,µm,Surface,Position,1,1758,
40.2111,µm,Surface,Position,1,1759,
37.4138,µm,Surface,Position,1,1760,
41.5415,µm,Surface,Position,1,1761,
41.4047,µm,Surface,Position,1,1762,
36.8316,µm,Surface,Position,1,1763,
40.8076,µm,Surface,Position,1,1764,
44.3696,µm,Surface,Position,1,1765,
44.3159,µm,Surface,Position,1,1766,
42.295,µm,Surface,Position,1,1767,
40.5039,µm,Surface,Position,1,1768,
41.0332,µm,Surface,Position,1,1770,
41.5791,µm,Surface,Position,1,1771,
40.9948,µm,Surface,Position,1,1772,
41.3504,µm,Surface,Position,1,1773,
40.5856,µm,Surface,Position,1,1774,
44.1246,µm,Surface,Position,1,1775,
38.7237,µm,Surface,Position,1,1776,
43.1135,µm,Surface,Position,1,1777,
44.0601,µm,Surface,Position,1,1778,
44.1226,µm,Surface,Position,1,1779,
40.5227,µm,Surface,Position,1,1780,
42.1769,µm,Surface,Position,1,1781,
44.1369,µm,Surface,Position,1,1783,
41.1936,µm,Surface,Position,1,1784,
41.758,µm,Surface,Position,1,1785,
43.2125,µm,Surface,Position,1,1786,
39.4551,µm,Surface,Position,1,1787,
43.6898,µm,Surface,Position,1,1788,
43.6506,µm,Surface,Position,1,1789,
45.2252,µm,Surface,Position,1,1790,
42.3431,µm,Surface,Position,1,1791,
36.7359,µm,Surface,Position,1,1792,
40.9284,µm,Surface,Position,1,1794,
45.2487,µm,Surface,Position,1,1795,
43.6449,µm,Surface,Position,1,1796,
40.7727,µm,Surface,Position,1,1797,
44.5958,µm,Surface,Position,1,1798,
39.1917,µm,Surface,Position,1,1799,
42.6596,µm,Surface,Position,1,1800,
39.6512,µm,Surface,Position,1,1801,
42.2601,µm,Surface,Position,1,1802,
42.5898,µm,Surface,Position,1,1803,
43.5355,µm,Surface,Position,1,1804,
40.921,µm,Surface,Position,1,1805,
44.4171,µm,Surface,Position,1,1806,
41.8153,µm,Surface,Position,1,1807,
38.4319,µm,Surface,Position,1,1808,
38.1484,µm,Surface,Position,1,1809,
43.0464,µm,Surface,Position,1,1810,
41.7421,µm,Surface,Position,1,1812,
44.0101,µm,Surface,Position,1,1814,
43.2494,µm,Surface,Position,1,1815,
42.8891,µm,Surface,Position,1,1817,
40.0797,µm,Surface,Position,1,1819,
37.3822,µm,Surface,Position,1,1820,
37.0961,µm,Surface,Position,1,1821,
47.246,µm,Surface,Position,1,1822,
38.6798,µm,Surface,Position,1,1823,
41.057,µm,Surface,Position,1,1824,
42.9537,µm,Surface,Position,1,1826,
44.7898,µm,Surface,Position,1,1827,
41.1996,µm,Surface,Position,1,1828,
39.3189,µm,Surface,Position,1,1829,
45.288,µm,Surface,Position,1,1830,
39.8322,µm,Surface,Position,1,1831,
41.245,µm,Surface,Position,1,1832,
43.4241,µm,Surface,Position,1,1835,
39.4586,µm,Surface,Position,1,1836,
43.0297,µm,Surface,Position,1,1837,
41.0599,µm,Surface,Position,1,1838,
41.7858,µm,Surface,Position,1,1839,
41.7768,µm,Surface,Position,1,1840,
40.0346,µm,Surface,Position,1,1842,
38.0428,µm,Surface,Position,1,1844,
44.4579,µm,Surface,Position,1,1845,
46.0599,µm,Surface,Position,1,1846,
42.7371,µm,Surface,Position,1,1848,
42.2465,µm,Surface,Position,1,1850,
43.2265,µm,Surface,Position,1,1852,
39.7035,µm,Surface,Position,1,1853,
39.1081,µm,Surface,Position,1,1854,
39.9977,µm,Surface,Position,1,1855,
47.4437,µm,Surface,Position,1,1856,
41.7204,µm,Surface,Position,1,1857,
40.8453,µm,Surface,Position,1,1858,
37.7789,µm,Surface,Position,1,1859,
42.693,µm,Surface,Position,1,1860,
42.0579,µm,Surface,Position,1,1861,
42.6773,µm,Surface,Position,1,1863,
42.5359,µm,Surface,Position,1,1865,
42.4952,µm,Surface,Position,1,1866,
42.5888,µm,Surface,Position,1,1867,
43.0912,µm,Surface,Position,1,1868,
43.089,µm,Surface,Position,1,1869,
34.4727,µm,Surface,Position,1,1870,
42.4175,µm,Surface,Position,1,1871,
40.5065,µm,Surface,Position,1,1873,
40.3362,µm,Surface,Position,1,1874,
46.7188,µm,Surface,Position,1,1875,
40.4144,µm,Surface,Position,1,1876,
42.1,µm,Surface,Position,1,1877,
41.864,µm,Surface,Position,1,1880,
44.3596,µm,Surface,Position,1,1881,
36.8936,µm,Surface,Position,1,1882,
39.1176,µm,Surface,Position,1,1883,
42.7622,µm,Surface,Position,1,1885,
42.7817,µm,Surface,Position,1,1887,
38.6621,µm,Surface,Position,1,1889,
40.1715,µm,Surface,Position,1,1890,
43.9238,µm,Surface,Position,1,1891,
43.8286,µm,Surface,Position,1,1892,
42.2461,µm,Surface,Position,1,1893,
41.2643,µm,Surface,Position,1,1894,
43.5814,µm,Surface,Position,1,1895,
41.7977,µm,Surface,Position,1,1896,
43.8382,µm,Surface,Position,1,1897,
33.2416,µm,Surface,Position,1,1898,
43.1336,µm,Surface,Position,1,1899,
44.2647,µm,Surface,Position,1,1900,
37.681,µm,Surface,Position,1,1901,
42.8541,µm,Surface,Position,1,1902,
41.8902,µm,Surface,Position,1,1903,
41.4956,µm,Surface,Position,1,1904,
44.7196,µm,Surface,Position,1,1905,
39.206,µm,Surface,Position,1,1906,
41.0445,µm,Surface,Position,1,1907,
37.3311,µm,Surface,Position,1,1908,
41.2363,µm,Surface,Position,1,1909,
40.5748,µm,Surface,Position,1,1910,
41.3843,µm,Surface,Position,1,1911,
42.414,µm,Surface,Position,1,1912,
37.4879,µm,Surface,Position,1,1913,
43.5553,µm,Surface,Position,1,1914,
43.1763,µm,Surface,Position,1,1916,
42.3697,µm,Surface,Position,1,1917,
41.3491,µm,Surface,Position,1,1918,
41.8813,µm,Surface,Position,1,1919,
43.4677,µm,Surface,Position,1,1920,
43.9741,µm,Surface,Position,1,1922,
41.8899,µm,Surface,Position,1,1924,
43.03,µm,Surface,Position,1,1925,
38.2664,µm,Surface,Position,1,1926,
43.1207,µm,Surface,Position,1,1927,
42.8702,µm,Surface,Position,1,1929,
44.1959,µm,Surface,Position,1,1930,
43.1736,µm,Surface,Position,1,1931,
42.6805,µm,Surface,Position,1,1932,
43.6047,µm,Surface,Position,1,1933,
39.6573,µm,Surface,Position,1,1934,
39.8287,µm,Surface,Position,1,1935,
40.9285,µm,Surface,Position,1,1936,
40.2627,µm,Surface,Position,1,1937,
38.9191,µm,Surface,Position,1,1938,
40.7664,µm,Surface,Position,1,1939,
41.7963,µm,Surface,Position,1,1940,
41.9953,µm,Surface,Position,1,1941,
43.9376,µm,Surface,Position,1,1942,
43.9243,µm,Surface,Position,1,1944,
42.5125,µm,Surface,Position,1,1946,
39.8659,µm,Surface,Position,1,1947,
39.7693,µm,Surface,Position,1,1948,
42.2534,µm,Surface,Position,1,1949,
38.8401,µm,Surface,Position,1,1950,
41.5423,µm,Surface,Position,1,1951,
42.1602,µm,Surface,Position,1,1952,
37.6238,µm,Surface,Position,1,1953,
41.4453,µm,Surface,Position,1,1954,
42.3221,µm,Surface,Position,1,1955,
43.3394,µm,Surface,Position,1,1956,
41.905,µm,Surface,Position,1,1957,
43.5524,µm,Surface,Position,1,1959,
40.8543,µm,Surface,Position,1,1960,
45.6504,µm,Surface,Position,1,1961,
43.901,µm,Surface,Position,1,1962,
43.1785,µm,Surface,Position,1,1964,
40.813,µm,Surface,Position,1,1965,
39.5427,µm,Surface,Position,1,1966,
40.2521,µm,Surface,Position,1,1967,
38.5596,µm,Surface,Position,1,1968,
42.3435,µm,Surface,Position,1,1971,
40.6163,µm,Surface,Position,1,1973,
42.1922,µm,Surface,Position,1,1974,
42.0672,µm,Surface,Position,1,1976,
39.2302,µm,Surface,Position,1,1978,
43.2779,µm,Surface,Position,1,1979,
43.4725,µm,Surface,Position,1,1980,
39.5848,µm,Surface,Position,1,1981,
45.6975,µm,Surface,Position,1,1982,
41.4307,µm,Surface,Position,1,1983,
41.2606,µm,Surface,Position,1,1984,
39.8619,µm,Surface,Position,1,1986,
42.5183,µm,Surface,Position,1,1988,
40.8312,µm,Surface,Position,1,1989,
39.2711,µm,Surface,Position,1,1990,
39.2888,µm,Surface,Position,1,1991,
41.6857,µm,Surface,Position,1,1992,
46.261,µm,Surface,Position,1,1994,
46.4662,µm,Surface,Position,1,1995,
37.0407,µm,Surface,Position,1,1996,
41.0962,µm,Surface,Position,1,1997,
42.5503,µm,Surface,Position,1,1998,
44.2391,µm,Surface,Position,1,1999,
40.496,µm,Surface,Position,1,2000,
41.5226,µm,Surface,Position,1,2001,
43.529,µm,Surface,Position,1,2002,
42.7288,µm,Surface,Position,1,2003,
40.5282,µm,Surface,Position,1,2004,
39.55,µm,Surface,Position,1,2005,
42.9702,µm,Surface,Position,1,2007,
42.0785,µm,Surface,Position,1,2010,
42.4489,µm,Surface,Position,1,2011,
42.4158,µm,Surface,Position,1,2012,
43.8176,µm,Surface,Position,1,2013,
41.562,µm,Surface,Position,1,2014,
40.1758,µm,Surface,Position,1,2015,
41.8571,µm,Surface,Position,1,2016,
41.0712,µm,Surface,Position,1,2017,
44.3796,µm,Surface,Position,1,2020,
41.8411,µm,Surface,Position,1,2021,
42.8286,µm,Surface,Position,1,2022,
42.0839,µm,Surface,Position,1,2023,
41.4096,µm,Surface,Position,1,2024,
40.9615,µm,Surface,Position,1,2026,
43.6367,µm,Surface,Position,1,2028,
43.8363,µm,Surface,Position,1,2029,
40.1193,µm,Surface,Position,1,2030,
43.3649,µm,Surface,Position,1,2031,
40.6213,µm,Surface,Position,1,2032,
42.8342,µm,Surface,Position,1,2033,
41.1453,µm,Surface,Position,1,2034,
42.3673,µm,Surface,Position,1,2035,
43.5123,µm,Surface,Position,1,2036,
41.836,µm,Surface,Position,1,2037,
40.6395,µm,Surface,Position,1,2039,
41.726,µm,Surface,Position,1,2040,
45.2158,µm,Surface,Position,1,2041,
37.7682,µm,Surface,Position,1,2043,
42.3205,µm,Surface,Position,1,2044,
42.0053,µm,Surface,Position,1,2045,
43.583,µm,Surface,Position,1,2046,
41.4562,µm,Surface,Position,1,2049,
43.0909,µm,Surface,Position,1,2050,
39.2364,µm,Surface,Position,1,2052,
43.8119,µm,Surface,Position,1,2053,
45.2033,µm,Surface,Position,1,2054,
43.5128,µm,Surface,Position,1,2055,
41.2996,µm,Surface,Position,1,2056,
43.544,µm,Surface,Position,1,2057,
41.0422,µm,Surface,Position,1,2058,
41.1654,µm,Surface,Position,1,2059,
41.6609,µm,Surface,Position,1,2060,
40.7197,µm,Surface,Position,1,2061,
43.0288,µm,Surface,Position,1,2062,
41.6649,µm,Surface,Position,1,2063,
39.9923,µm,Surface,Position,1,2064,
40.1916,µm,Surface,Position,1,2065,
44.0579,µm,Surface,Position,1,2066,
42.7344,µm,Surface,Position,1,2067,
42.5447,µm,Surface,Position,1,2068,
39.5468,µm,Surface,Position,1,2069,
42.4808,µm,Surface,Position,1,2070,
44.0193,µm,Surface,Position,1,2071,
40.8104,µm,Surface,Position,1,2073,
42.2654,µm,Surface,Position,1,2074,
41.5398,µm,Surface,Position,1,2075,
43.0272,µm,Surface,Position,1,2076,
43.1597,µm,Surface,Position,1,2077,
41.2998,µm,Surface,Position,1,2078,
43.4553,µm,Surface,Position,1,2081,
42.4699,µm,Surface,Position,1,2082,
43.9596,µm,Surface,Position,1,2084,
42.496,µm,Surface,Position,1,2085,
40.1001,µm,Surface,Position,1,2086,
42.249,µm,Surface,Position,1,2087,
43.657,µm,Surface,Position,1,2088,
42.8053,µm,Surface,Position,1,2089,
42.01,µm,Surface,Position,1,2090,
32.9324,µm,Surface,Position,1,2091,
39.1994,µm,Surface,Position,1,2092,
40.5362,µm,Surface,Position,1,2093,
41.1564,µm,Surface,Position,1,2094,
43.0226,µm,Surface,Position,1,2095,
38.7638,µm,Surface,Position,1,2096,
43.3731,µm,Surface,Position,1,2097,
44.0184,µm,Surface,Position,1,2098,
39.6221,µm,Surface,Position,1,2099,
37.1576,µm,Surface,Position,1,2100,
43.1841,µm,Surface,Position,1,2101,
42.0491,µm,Surface,Position,1,2102,
40.2804,µm,Surface,Position,1,2103,
43.0138,µm,Surface,Position,1,2105,
39.8906,µm,Surface,Position,1,2107,
43.3364,µm,Surface,Position,1,2108,
39.5601,µm,Surface,Position,1,2110,
42.6606,µm,Surface,Position,1,2111,
40.1716,µm,Surface,Position,1,2112,
42.5088,µm,Surface,Position,1,2113,
39.1549,µm,Surface,Position,1,2115,
40.4286,µm,Surface,Position,1,2116,
41.2422,µm,Surface,Position,1,2117,
43.592,µm,Surface,Position,1,2118,
36.9358,µm,Surface,Position,1,2119,
42.1411,µm,Surface,Position,1,2120,
40.9459,µm,Surface,Position,1,2121,
42.0963,µm,Surface,Position,1,2122,
43.49,µm,Surface,Position,1,2123,
41.1366,µm,Surface,Position,1,2124,
43.1576,µm,Surface,Position,1,2125,
41.9141,µm,Surface,Position,1,2126,
39.9894,µm,Surface,Position,1,2127,
41.7346,µm,Surface,Position,1,2128,
42.7382,µm,Surface,Position,1,2129,
40.5528,µm,Surface,Position,1,2130,
40.9021,µm,Surface,Position,1,2131,
42.4256,µm,Surface,Position,1,2132,
45.5092,µm,Surface,Position,1,2133,
43.5668,µm,Surface,Position,1,2135,
41.5022,µm,Surface,Position,1,2136,
38.573,µm,Surface,Position,1,2137,
40.7877,µm,Surface,Position,1,2138,
40.2683,µm,Surface,Position,1,2139,
42.7304,µm,Surface,Position,1,2140,
37.4937,µm,Surface,Position,1,2141,
40.8608,µm,Surface,Position,1,2142,
39.9849,µm,Surface,Position,1,2144,
38.6768,µm,Surface,Position,1,2145,
39.2519,µm,Surface,Position,1,2147,
42.0482,µm,Surface,Position,1,2149,
40.89,µm,Surface,Position,1,2150,
41.2958,µm,Surface,Position,1,2151,
41.5681,µm,Surface,Position,1,2153,
39.8837,µm,Surface,Position,1,2154,
41.8013,µm,Surface,Position,1,2155,
41.838,µm,Surface,Position,1,2156,
41.6811,µm,Surface,Position,1,2157,
41.9364,µm,Surface,Position,1,2158,
42.034,µm,Surface,Position,1,2159,
37.9588,µm,Surface,Position,1,2160,
39.5869,µm,Surface,Position,1,2161,
41.3982,µm,Surface,Position,1,2163,
40.6199,µm,Surface,Position,1,2164,
42.0444,µm,Surface,Position,1,2165,
37.4278,µm,Surface,Position,1,2166,
41.564,µm,Surface,Position,1,2168,
39.6814,µm,Surface,Position,1,2169,
40.6945,µm,Surface,Position,1,2170,
42.5434,µm,Surface,Position,1,2171,
41.0025,µm,Surface,Position,1,2173,
38.6878,µm,Surface,Position,1,2175,
41.7892,µm,Surface,Position,1,2176,
39.2176,µm,Surface,Position,1,2177,
43.135,µm,Surface,Position,1,2178,
41.3608,µm,Surface,Position,1,2179,
41.2461,µm,Surface,Position,1,2180,
40.7704,µm,Surface,Position,1,2181,
39.2457,µm,Surface,Position,1,2182,
41.3667,µm,Surface,Position,1,2183,
41.2908,µm,Surface,Position,1,2184,
36.8018,µm,Surface,Position,1,2185,
39.3462,µm,Surface,Position,1,2186,
39.8076,µm,Surface,Position,1,2187,
41.2854,µm,Surface,Position,1,2188,
42.2321,µm,Surface,Position,1,2189,
44.0831,µm,Surface,Position,1,2190,
43.6592,µm,Surface,Position,1,2192,
40.7478,µm,Surface,Position,1,2193,
41.3814,µm,Surface,Position,1,2194,
43.0698,µm,Surface,Position,1,2195,
40.3913,µm,Surface,Position,1,2196,
41.7611,µm,Surface,Position,1,2197,
42.8597,µm,Surface,Position,1,2198,
42.3284,µm,Surface,Position,1,2199,
42.2337,µm,Surface,Position,1,2200,
38.3589,µm,Surface,Position,1,2202,
41.4252,µm,Surface,Position,1,2203,
40.6617,µm,Surface,Position,1,2204,
41.0983,µm,Surface,Position,1,2205,
41.8468,µm,Surface,Position,1,2206,
40.8524,µm,Surface,Position,1,2207,
40.5858,µm,Surface,Position,1,2208,
42.6058,µm,Surface,Position,1,2209,
38.7489,µm,Surface,Position,1,2211,
41.2543,µm,Surface,Position,1,2212,
42.4721,µm,Surface,Position,1,2213,
41.9575,µm,Surface,Position,1,2216,
39.0508,µm,Surface,Position,1,2217,
39.834,µm,Surface,Position,1,2218,
39.8573,µm,Surface,Position,1,2219,
39.9344,µm,Surface,Position,1,2220,
43.7928,µm,Surface,Position,1,2222,
40.8798,µm,Surface,Position,1,2223,
43.3476,µm,Surface,Position,1,2224,
42.3205,µm,Surface,Position,1,2225,
40.2498,µm,Surface,Position,1,2226,
42.8016,µm,Surface,Position,1,2228,
39.7873,µm,Surface,Position,1,2229,
40.8768,µm,Surface,Position,1,2230,
37.7921,µm,Surface,Position,1,2231,
42.5568,µm,Surface,Position,1,2232,
40.5226,µm,Surface,Position,1,2233,
42.1619,µm,Surface,Position,1,2234,
42.2569,µm,Surface,Position,1,2235,
40.3172,µm,Surface,Position,1,2236,
45.1333,µm,Surface,Position,1,2237,
39.6699,µm,Surface,Position,1,2238,
40.0012,µm,Surface,Position,1,2240,
43.0395,µm,Surface,Position,1,2241,
39.2646,µm,Surface,Position,1,2242,
40.9227,µm,Surface,Position,1,2243,
40.2726,µm,Surface,Position,1,2244,
41.4746,µm,Surface,Position,1,2245,
37.1576,µm,Surface,Position,1,2246,
39.367,µm,Surface,Position,1,2248,
42.0934,µm,Surface,Position,1,2249,
39.2007,µm,Surface,Position,1,2251,
39.6341,µm,Surface,Position,1,2252,
42.4918,µm,Surface,Position,1,2254,
40.7891,µm,Surface,Position,1,2255,
42.9666,µm,Surface,Position,1,2256,
39.6911,µm,Surface,Position,1,2258,
41.5509,µm,Surface,Position,1,2261,
39.6325,µm,Surface,Position,1,2262,
38.7259,µm,Surface,Position,1,2263,
41.2329,µm,Surface,Position,1,2264,
40.1739,µm,Surface,Position,1,2265,
40.7058,µm,Surface,Position,1,2266,
40.3102,µm,Surface,Position,1,2267,
42.4041,µm,Surface,Position,1,2268,
43.3707,µm,Surface,Position,1,2270,
41.926,µm,Surface,Position,1,2271,
42.1207,µm,Surface,Position,1,2272,
38.9961,µm,Surface,Position,1,2274,
41.8221,µm,Surface,Position,1,2275,
39.76,µm,Surface,Position,1,2276,
42.416,µm,Surface,Position,1,2277,
40.6023,µm,Surface,Position,1,2278,
41.3595,µm,Surface,Position,1,2279,
41.2042,µm,Surface,Position,1,2280,
38.1947,µm,Surface,Position,1,2281,
44.5038,µm,Surface,Position,1,2282,
40.0084,µm,Surface,Position,1,2283,
45.0919,µm,Surface,Position,1,2285,
41.4156,µm,Surface,Position,1,2286,
39.0864,µm,Surface,Position,1,2287,
41.1321,µm,Surface,Position,1,2288,
43.3494,µm,Surface,Position,1,2290,
42.1993,µm,Surface,Position,1,2291,
39.5229,µm,Surface,Position,1,2292,
42.0892,µm,Surface,Position,1,2294,
41.479,µm,Surface,Position,1,2295,
42.1177,µm,Surface,Position,1,2296,
38.7033,µm,Surface,Position,1,2297,
45.9248,µm,Surface,Position,1,2298,
39.3408,µm,Surface,Position,1,2299,
41.3208,µm,Surface,Position,1,2301,
39.0075,µm,Surface,Position,1,2302,
40.5577,µm,Surface,Position,1,2303,
38.8804,µm,Surface,Position,1,2304,
41.5891,µm,Surface,Position,1,2306,
41.343,µm,Surface,Position,1,2307,
39.6242,µm,Surface,Position,1,2308,
39.665,µm,Surface,Position,1,2310,
41.9628,µm,Surface,Position,1,2311,
36.7688,µm,Surface,Position,1,2312,
36.6923,µm,Surface,Position,1,2313,
42.3829,µm,Surface,Position,1,2314,
43.102,µm,Surface,Position,1,2316,
40.2779,µm,Surface,Position,1,2317,
40.5623,µm,Surface,Position,1,2318,
42.2583,µm,Surface,Position,1,2319,
38.5293,µm,Surface,Position,1,2322,
34.6822,µm,Surface,Position,1,2323,
44.5443,µm,Surface,Position,1,2324,
40.846,µm,Surface,Position,1,2325,
37.2746,µm,Surface,Position,1,2326,
40.1624,µm,Surface,Position,1,2327,
39.8253,µm,Surface,Position,1,2329,
40.2851,µm,Surface,Position,1,2330,
39.0872,µm,Surface,Position,1,2331,
38.2493,µm,Surface,Position,1,2332,
40.8083,µm,Surface,Position,1,2333,
40.9627,µm,Surface,Position,1,2334,
38.274,µm,Surface,Position,1,2336,
39.126,µm,Surface,Position,1,2337,
38.9704,µm,Surface,Position,1,2338,
41.9073,µm,Surface,Position,1,2339,
32.2304,µm,Surface,Position,1,2341,
40.3058,µm,Surface,Position,1,2342,
38.1388,µm,Surface,Position,1,2343,
39.7292,µm,Surface,Position,1,2344,
40.3288,µm,Surface,Position,1,2345,
38.3377,µm,Surface,Position,1,2347,
38.6719,µm,Surface,Position,1,2348,
42.4357,µm,Surface,Position,1,2349,
42.5374,µm,Surface,Position,1,2350,
39.7011,µm,Surface,Position,1,2351,
42.2464,µm,Surface,Position,1,2352,
40.6801,µm,Surface,Position,1,2353,
41.2802,µm,Surface,Position,1,2354,
39.6562,µm,Surface,Position,1,2355,
40.5403,µm,Surface,Position,1,2356,
41.3647,µm,Surface,Position,1,2357,
41.0872,µm,Surface,Position,1,2358,
42.7094,µm,Surface,Position,1,2360,
37.7247,µm,Surface,Position,1,2362,
41.7668,µm,Surface,Position,1,2363,
40.0749,µm,Surface,Position,1,2364,
40.6253,µm,Surface,Position,1,2365,
40.1835,µm,Surface,Position,1,2367,
40.1843,µm,Surface,Position,1,2369,
42.189,µm,Surface,Position,1,2370,
41.4858,µm,Surface,Position,1,2372,
37.746,µm,Surface,Position,1,2373,
43.6614,µm,Surface,Position,1,2374,
43.5277,µm,Surface,Position,1,2375,
39.3307,µm,Surface,Position,1,2376,
42.5208,µm,Surface,Position,1,2377,
40.4809,µm,Surface,Position,1,2378,
37.779,µm,Surface,Position,1,2379,
41.2719,µm,Surface,Position,1,2380,
39.5231,µm,Surface,Position,1,2381,
40.4489,µm,Surface,Position,1,2383,
39.3325,µm,Surface,Position,1,2384,
38.5386,µm,Surface,Position,1,2385,
40.0641,µm,Surface,Position,1,2387,
41.6057,µm,Surface,Position,1,2388,
39.396,µm,Surface,Position,1,2389,
37.3789,µm,Surface,Position,1,2390,
41.0234,µm,Surface,Position,1,2391,
42.6869,µm,Surface,Position,1,2392,
38.8136,µm,Surface,Position,1,2393,
40.9978,µm,Surface,Position,1,2394,
38.1711,µm,Surface,Position,1,2395,
39.0238,µm,Surface,Position,1,2396,
39.4029,µm,Surface,Position,1,2397,
41.8918,µm,Surface,Position,1,2398,
41.9353,µm,Surface,Position,1,2399,
38.4804,µm,Surface,Position,1,2400,
39.0453,µm,Surface,Position,1,2402,
42.008,µm,Surface,Position,1,2403,
39.8008,µm,Surface,Position,1,2404,
40.1468,µm,Surface,Position,1,2405,
38.9209,µm,Surface,Position,1,2406,
38.3274,µm,Surface,Position,1,2407,
39.8451,µm,Surface,Position,1,2408,
38.9969,µm,Surface,Position,1,2409,
39.0408,µm,Surface,Position,1,2411,
42.0148,µm,Surface,Position,1,2412,
41.8752,µm,Surface,Position,1,2413,
41.2177,µm,Surface,Position,1,2414,
41.6147,µm,Surface,Position,1,2415,
38.6015,µm,Surface,Position,1,2416,
41.6276,µm,Surface,Position,1,2417,
39.9933,µm,Surface,Position,1,2418,
39.5321,µm,Surface,Position,1,2419,
38.7983,µm,Surface,Position,1,2421,
40.7585,µm,Surface,Position,1,2422,
42.2897,µm,Surface,Position,1,2423,
42.8941,µm,Surface,Position,1,2425,
38.7484,µm,Surface,Position,1,2428,
41.2473,µm,Surface,Position,1,2429,
41.9563,µm,Surface,Position,1,2430,
40.9148,µm,Surface,Position,1,2431,
40.0642,µm,Surface,Position,1,2432,
40.7635,µm,Surface,Position,1,2433,
42.2459,µm,Surface,Position,1,2434,
41.6976,µm,Surface,Position,1,2435,
39.908,µm,Surface,Position,1,2436,
42.0909,µm,Surface,Position,1,2437,
39.8149,µm,Surface,Position,1,2438,
41.2863,µm,Surface,Position,1,2439,
39.1196,µm,Surface,Position,1,2441,
40.8323,µm,Surface,Position,1,2442,
40.582,µm,Surface,Position,1,2443,
38.3464,µm,Surface,Position,1,2444,
39.4046,µm,Surface,Position,1,2445,
39.5712,µm,Surface,Position,1,2446,
43.3331,µm,Surface,Position,1,2447,
39.1495,µm,Surface,Position,1,2449,
40.6759,µm,Surface,Position,1,2451,
38.582,µm,Surface,Position,1,2452,
38.9684,µm,Surface,Position,1,2453,
40.2138,µm,Surface,Position,1,2454,
41.282,µm,Surface,Position,1,2456,
41.5382,µm,Surface,Position,1,2457,
39.9749,µm,Surface,Position,1,2459,
39.3015,µm,Surface,Position,1,2460,
41.0602,µm,Surface,Position,1,2461,
40.9328,µm,Surface,Position,1,2462,
38.3642,µm,Surface,Position,1,2465,
42.4357,µm,Surface,Position,1,2466,
41.3765,µm,Surface,Position,1,2467,
40.0687,µm,Surface,Position,1,2468,
37.0136,µm,Surface,Position,1,2469,
39.6717,µm,Surface,Position,1,2472,
40.7087,µm,Surface,Position,1,2473,
40.6996,µm,Surface,Position,1,2474,
42.3852,µm,Surface,Position,1,2475,
40.789,µm,Surface,Position,1,2476,
40.1102,µm,Surface,Position,1,2477,
42.1071,µm,Surface,Position,1,2478,
43.7296,µm,Surface,Position,1,2479,
38.6973,µm,Surface,Position,1,2480,
41.7201,µm,Surface,Position,1,2481,
39.3904,µm,Surface,Position,1,2482,
40.0907,µm,Surface,Position,1,2483,
41.1584,µm,Surface,Position,1,2485,
38.8302,µm,Surface,Position,1,2486,
40.2839,µm,Surface,Position,1,2487,
40.546,µm,Surface,Position,1,2489,
42.0151,µm,Surface,Position,1,2492,
40.0482,µm,Surface,Position,1,2494,
38.397,µm,Surface,Position,1,2495,
41.4803,µm,Surface,Position,1,2496,
41.671,µm,Surface,Position,1,2497,
39.6617,µm,Surface,Position,1,2498,
39.1348,µm,Surface,Position,1,2499,
42.636,µm,Surface,Position,1,2500,
38.6779,µm,Surface,Position,1,2502,
41.1817,µm,Surface,Position,1,2503,
40.8877,µm,Surface,Position,1,2504,
40.0551,µm,Surface,Position,1,2505,
38.2992,µm,Surface,Position,1,2507,
41.046,µm,Surface,Position,1,2508,
38.7566,µm,Surface,Position,1,2509,
38.2168,µm,Surface,Position,1,2510,
40.4595,µm,Surface,Position,1,2511,
39.6765,µm,Surface,Position,1,2512,
41.7049,µm,Surface,Position,1,2513,
42.4335,µm,Surface,Position,1,2514,
41.49,µm,Surface,Position,1,2515,
38.4627,µm,Surface,Position,1,2516,
39.3274,µm,Surface,Position,1,2517,
42.219,µm,Surface,Position,1,2518,
42.4574,µm,Surface,Position,1,2519,
33.573,µm,Surface,Position,1,2520,
40.9052,µm,Surface,Position,1,2521,
40.244,µm,Surface,Position,1,2522,
39.2478,µm,Surface,Position,1,2523,
39.1867,µm,Surface,Position,1,2524,
40.8497,µm,Surface,Position,1,2525,
39.5767,µm,Surface,Position,1,2526,
40.6939,µm,Surface,Position,1,2527,
38.6442,µm,Surface,Position,1,2528,
39.1125,µm,Surface,Position,1,2529,
41.4217,µm,Surface,Position,1,2530,
39.4632,µm,Surface,Position,1,2531,
40.0579,µm,Surface,Position,1,2533,
41.482,µm,Surface,Position,1,2534,
40.2205,µm,Surface,Position,1,2535,
42.5036,µm,Surface,Position,1,2536,
37.7316,µm,Surface,Position,1,2537,
41.7399,µm,Surface,Position,1,2539,
39.6533,µm,Surface,Position,1,2540,
43.5065,µm,Surface,Position,1,2541,
39.1801,µm,Surface,Position,1,2542,
41.4936,µm,Surface,Position,1,2543,
38.7948,µm,Surface,Position,1,2544,
41.6492,µm,Surface,Position,1,2545,
36.9144,µm,Surface,Position,1,2546,
39.1757,µm,Surface,Position,1,2547,
42.0214,µm,Surface,Position,1,2548,
42.5735,µm,Surface,Position,1,2549,
40.349,µm,Surface,Position,1,2550,
39.1403,µm,Surface,Position,1,2551,
40.5702,µm,Surface,Position,1,2552,
40.3638,µm,Surface,Position,1,2553,
43.0186,µm,Surface,Position,1,2556,
38.9531,µm,Surface,Position,1,2558,
41.4876,µm,Surface,Position,1,2560,
41.2083,µm,Surface,Position,1,2562,
40.3477,µm,Surface,Position,1,2563,
39.8363,µm,Surface,Position,1,2564,
39.5941,µm,Surface,Position,1,2565,
38.9597,µm,Surface,Position,1,2567,
39.0751,µm,Surface,Position,1,2568,
42.2424,µm,Surface,Position,1,2569,
38.5771,µm,Surface,Position,1,2570,
38.1876,µm,Surface,Position,1,2572,
39.8157,µm,Surface,Position,1,2573,
41.2222,µm,Surface,Position,1,2575,
41.6807,µm,Surface,Position,1,2576,
38.2818,µm,Surface,Position,1,2577,
39.1592,µm,Surface,Position,1,2578,
42.0168,µm,Surface,Position,1,2579,
38.2305,µm,Surface,Position,1,2580,
39.6103,µm,Surface,Position,1,2581,
42.313,µm,Surface,Position,1,2582,
41.6257,µm,Surface,Position,1,2583,
39.0819,µm,Surface,Position,1,2585,
41.0954,µm,Surface,Position,1,2586,
37.3517,µm,Surface,Position,1,2587,
39.9005,µm,Surface,Position,1,2588,
38.7713,µm,Surface,Position,1,2591,
39.3651,µm,Surface,Position,1,2592,
38.3503,µm,Surface,Position,1,2593,
39.7814,µm,Surface,Position,1,2594,
41.9696,µm,Surface,Position,1,2595,
38.7614,µm,Surface,Position,1,2596,
38.1872,µm,Surface,Position,1,2597,
39.4469,µm,Surface,Position,1,2598,
39.4929,µm,Surface,Position,1,2599,
42.7916,µm,Surface,Position,1,2600,
39.7666,µm,Surface,Position,1,2601,
40.2323,µm,Surface,Position,1,2603,
38.4191,µm,Surface,Position,1,2604,
40.8596,µm,Surface,Position,1,2605,
39.9462,µm,Surface,Position,1,2606,
40.5886,µm,Surface,Position,1,2607,
42.5666,µm,Surface,Position,1,2608,
38.4153,µm,Surface,Position,1,2609,
40.5138,µm,Surface,Position,1,2611,
40.1993,µm,Surface,Position,1,2612,
39.4918,µm,Surface,Position,1,2614,
40.8701,µm,Surface,Position,1,2616,
44.8267,µm,Surface,Position,1,2617,
40.3695,µm,Surface,Position,1,2618,
42.3996,µm,Surface,Position,1,2619,
42.3143,µm,Surface,Position,1,2620,
40.4817,µm,Surface,Position,1,2621,
40.4558,µm,Surface,Position,1,2623,
41.1183,µm,Surface,Position,1,2624,
39.7174,µm,Surface,Position,1,2626,
39.4857,µm,Surface,Position,1,2627,
42.3259,µm,Surface,Position,1,2628,
41.7789,µm,Surface,Position,1,2629,
39.6736,µm,Surface,Position,1,2631,
41.2208,µm,Surface,Position,1,2632,
42.2107,µm,Surface,Position,1,2633,
37.8606,µm,Surface,Position,1,2634,
41.6924,µm,Surface,Position,1,2635,
43.9952,µm,Surface,Position,1,2636,
39.0866,µm,Surface,Position,1,2637,
38.5804,µm,Surface,Position,1,2638,
43.2553,µm,Surface,Position,1,2639,
38.8239,µm,Surface,Position,1,2640,
41.3215,µm,Surface,Position,1,2641,
37.0826,µm,Surface,Position,1,2642,
39.0427,µm,Surface,Position,1,2643,
39.3448,µm,Surface,Position,1,2644,
37.7853,µm,Surface,Position,1,2645,
38.7022,µm,Surface,Position,1,2646,
41.1382,µm,Surface,Position,1,2647,
40.0439,µm,Surface,Position,1,2648,
41.7435,µm,Surface,Position,1,2649,
38.2927,µm,Surface,Position,1,2650,
38.8056,µm,Surface,Position,1,2651,
39.9537,µm,Surface,Position,1,2652,
42.5999,µm,Surface,Position,1,2653,
39.2648,µm,Surface,Position,1,2654,
41.1246,µm,Surface,Position,1,2655,
39.5438,µm,Surface,Position,1,2656,
35.4633,µm,Surface,Position,1,2657,
41.5208,µm,Surface,Position,1,2658,
39.3502,µm,Surface,Position,1,2659,
40.461,µm,Surface,Position,1,2660,
38.3174,µm,Surface,Position,1,2661,
40.3943,µm,Surface,Position,1,2662,
39.1662,µm,Surface,Position,1,2663,
41.3434,µm,Surface,Position,1,2664,
40.8762,µm,Surface,Position,1,2665,
39.1959,µm,Surface,Position,1,2666,
38.9528,µm,Surface,Position,1,2667,
41.0004,µm,Surface,Position,1,2668,
41.9574,µm,Surface,Position,1,2669,
38.8782,µm,Surface,Position,1,2670,
38.9739,µm,Surface,Position,1,2671,
37.9202,µm,Surface,Position,1,2672,
40.524,µm,Surface,Position,1,2673,
41.7172,µm,Surface,Position,1,2674,
41.162,µm,Surface,Position,1,2675,
42.4575,µm,Surface,Position,1,2676,
39.4399,µm,Surface,Position,1,2677,
39.8379,µm,Surface,Position,1,2678,
39.9537,µm,Surface,Position,1,2679,
37.1454,µm,Surface,Position,1,2680,
41.8031,µm,Surface,Position,1,2681,
40.1777,µm,Surface,Position,1,2682,
40.5187,µm,Surface,Position,1,2683,
39.9765,µm,Surface,Position,1,2684,
43.2444,µm,Surface,Position,1,2685,
38.2592,µm,Surface,Position,1,2686,
41.5583,µm,Surface,Position,1,2687,
38.1159,µm,Surface,Position,1,2688,
41.8475,µm,Surface,Position,1,2689,
38.4922,µm,Surface,Position,1,2690,
37.5208,µm,Surface,Position,1,2691,
38.6861,µm,Surface,Position,1,2692,
41.1102,µm,Surface,Position,1,2693,
37.848,µm,Surface,Position,1,2694,
42.1482,µm,Surface,Position,1,2695,
39.5555,µm,Surface,Position,1,2696,
40.1462,µm,Surface,Position,1,2697,
40.938,µm,Surface,Position,1,2698,
38.1511,µm,Surface,Position,1,2700,
39.6392,µm,Surface,Position,1,2701,
38.4543,µm,Surface,Position,1,2702,
39.0227,µm,Surface,Position,1,2703,
37.5581,µm,Surface,Position,1,2704,
40.3382,µm,Surface,Position,1,2705,
39.6105,µm,Surface,Position,1,2706,
38.7565,µm,Surface,Position,1,2707,
36.6927,µm,Surface,Position,1,2708,
37.8616,µm,Surface,Position,1,2709,
38.7087,µm,Surface,Position,1,2710,
40.0778,µm,Surface,Position,1,2711,
39.9523,µm,Surface,Position,1,2712,
39.8609,µm,Surface,Position,1,2713,
39.5503,µm,Surface,Position,1,2714,
38.4192,µm,Surface,Position,1,2715,
40.0567,µm,Surface,Position,1,2716,
38.8581,µm,Surface,Position,1,2718,
38.0754,µm,Surface,Position,1,2719,
38.7075,µm,Surface,Position,1,2720,
38.3576,µm,Surface,Position,1,2721,
39.3338,µm,Surface,Position,1,2723,
38.6578,µm,Surface,Position,1,2724,
41.1775,µm,Surface,Position,1,2725,
37.7477,µm,Surface,Position,1,2726,
34.9897,µm,Surface,Position,1,2727,
40.0066,µm,Surface,Position,1,2728,
38.0167,µm,Surface,Position,1,2729,
39.279,µm,Surface,Position,1,2730,
38.9387,µm,Surface,Position,1,2731,
38.1207,µm,Surface,Position,1,2732,
41.594,µm,Surface,Position,1,2733,
41.8992,µm,Surface,Position,1,2734,
40.3798,µm,Surface,Position,1,2735,
41.1206,µm,Surface,Position,1,2736,
39.4431,µm,Surface,Position,1,2737,
38.9295,µm,Surface,Position,1,2738,
41.3065,µm,Surface,Position,1,2739,
40.9715,µm,Surface,Position,1,2740,
40.3215,µm,Surface,Position,1,2741,
37.4796,µm,Surface,Position,1,2742,
39.3191,µm,Surface,Position,1,2743,
38.223,µm,Surface,Position,1,2744,
39.9813,µm,Surface,Position,1,2745,
39.6312,µm,Surface,Position,1,2746,
38.1464,µm,Surface,Position,1,2747,
38.4826,µm,Surface,Position,1,2748,
39.9385,µm,Surface,Position,1,2749,
42.2679,µm,Surface,Position,1,2752,
39.5413,µm,Surface,Position,1,2754,
38.1383,µm,Surface,Position,1,2755,
37.1688,µm,Surface,Position,1,2756,
40.7939,µm,Surface,Position,1,2757,
41.136,µm,Surface,Position,1,2758,
39.3522,µm,Surface,Position,1,2759,
38.898,µm,Surface,Position,1,2760,
40.5008,µm,Surface,Position,1,2761,
37.9275,µm,Surface,Position,1,2762,
37.536,µm,Surface,Position,1,2763,
40.9217,µm,Surface,Position,1,2764,
41.5422,µm,Surface,Position,1,2765,
38.7051,µm,Surface,Position,1,2766,
41.7374,µm,Surface,Position,1,2767,
40.3192,µm,Surface,Position,1,2768,
40.9624,µm,Surface,Position,1,2769,
37.7348,µm,Surface,Position,1,2770,
37.0926,µm,Surface,Position,1,2771,
39.2765,µm,Surface,Position,1,2772,
41.9137,µm,Surface,Position,1,2773,
42.1219,µm,Surface,Position,1,2774,
37.9933,µm,Surface,Position,1,2775,
42.1513,µm,Surface,Position,1,2776,
40.3798,µm,Surface,Position,1,2777,
37.8142,µm,Surface,Position,1,2779,
38.027,µm,Surface,Position,1,2780,
39.1753,µm,Surface,Position,1,2781,
38.0353,µm,Surface,Position,1,2784,
38.6957,µm,Surface,Position,1,2786,
41.9189,µm,Surface,Position,1,2787,
40.7093,µm,Surface,Position,1,2788,
40.1113,µm,Surface,Position,1,2789,
39.8,µm,Surface,Position,1,2790,
38.566,µm,Surface,Position,1,2791,
37.9024,µm,Surface,Position,1,2792,
43.6041,µm,Surface,Position,1,2793,
37.1356,µm,Surface,Position,1,2794,
41.0773,µm,Surface,Position,1,2795,
39.3725,µm,Surface,Position,1,2796,
42.037,µm,Surface,Position,1,2797,
41.593,µm,Surface,Position,1,2798,
38.3362,µm,Surface,Position,1,2799,
41.6318,µm,Surface,Position,1,2800,
39.8643,µm,Surface,Position,1,2802,
38.369,µm,Surface,Position,1,2804,
39.3982,µm,Surface,Position,1,2805,
40.2082,µm,Surface,Position,1,2806,
37.8217,µm,Surface,Position,1,2807,
39.3639,µm,Surface,Position,1,2808,
36.8687,µm,Surface,Position,1,2809,
38.0015,µm,Surface,Position,1,2811,
40.5577,µm,Surface,Position,1,2812,
41.8065,µm,Surface,Position,1,2813,
40.1456,µm,Surface,Position,1,2814,
39.6427,µm,Surface,Position,1,2815,
37.5248,µm,Surface,Position,1,2816,
38.295,µm,Surface,Position,1,2817,
39.351,µm,Surface,Position,1,2818,
36.5208,µm,Surface,Position,1,2819,
43.0141,µm,Surface,Position,1,2820,
37.4585,µm,Surface,Position,1,2822,
37.7896,µm,Surface,Position,1,2823,
40.3697,µm,Surface,Position,1,2824,
41.1419,µm,Surface,Position,1,2825,
37.8814,µm,Surface,Position,1,2826,
40.9172,µm,Surface,Position,1,2827,
39.7397,µm,Surface,Position,1,2828,
36.1934,µm,Surface,Position,1,2829,
37.4614,µm,Surface,Position,1,2830,
39.9676,µm,Surface,Position,1,2831,
41.2901,µm,Surface,Position,1,2832,
38.7887,µm,Surface,Position,1,2834,
38.6698,µm,Surface,Position,1,2835,
39.0206,µm,Surface,Position,1,2836,
41.0235,µm,Surface,Position,1,2837,
40.3228,µm,Surface,Position,1,2838,
39.0435,µm,Surface,Position,1,2839,
37.0906,µm,Surface,Position,1,2840,
37.9438,µm,Surface,Position,1,2841,
37.5404,µm,Surface,Position,1,2843,
39.8901,µm,Surface,Position,1,2844,
40.4461,µm,Surface,Position,1,2845,
41.3299,µm,Surface,Position,1,2846,
39.2356,µm,Surface,Position,1,2847,
37.7923,µm,Surface,Position,1,2848,
40.1701,µm,Surface,Position,1,2849,
41.8886,µm,Surface,Position,1,2850,
41.4939,µm,Surface,Position,1,2851,
36.8621,µm,Surface,Position,1,2852,
37.1655,µm,Surface,Position,1,2853,
37.4903,µm,Surface,Position,1,2854,
36.8259,µm,Surface,Position,1,2856,
38.0224,µm,Surface,Position,1,2857,
37.2805,µm,Surface,Position,1,2858,
40.4615,µm,Surface,Position,1,2859,
37.7448,µm,Surface,Position,1,2860,
39.9169,µm,Surface,Position,1,2861,
40.4351,µm,Surface,Position,1,2862,
41.5663,µm,Surface,Position,1,2863,
44.855,µm,Surface,Position,1,2864,
38.3256,µm,Surface,Position,1,2865,
38.7682,µm,Surface,Position,1,2867,
38.5929,µm,Surface,Position,1,2869,
39.8024,µm,Surface,Position,1,2870,
40.7628,µm,Surface,Position,1,2871,
39.3808,µm,Surface,Position,1,2872,
36.7495,µm,Surface,Position,1,2873,
37.1361,µm,Surface,Position,1,2874,
39.819,µm,Surface,Position,1,2875,
37.7402,µm,Surface,Position,1,2876,
37.9973,µm,Surface,Position,1,2877,
41.698,µm,Surface,Position,1,2878,
37.2984,µm,Surface,Position,1,2879,
39.7674,µm,Surface,Position,1,2880,
37.348,µm,Surface,Position,1,2881,
39.3284,µm,Surface,Position,1,2882,
38.597,µm,Surface,Position,1,2883,
42.1003,µm,Surface,Position,1,2884,
39.523,µm,Surface,Position,1,2886,
38.0456,µm,Surface,Position,1,2888,
36.2582,µm,Surface,Position,1,2889,
41.4707,µm,Surface,Position,1,2890,
39.4595,µm,Surface,Position,1,2891,
37.7445,µm,Surface,Position,1,2893,
36.5634,µm,Surface,Position,1,2894,
40.5966,µm,Surface,Position,1,2895,
37.6805,µm,Surface,Position,1,2896,
40.6461,µm,Surface,Position,1,2897,
38.7413,µm,Surface,Position,1,2898,
40.9699,µm,Surface,Position,1,2899,
38.3653,µm,Surface,Position,1,2902,
36.9051,µm,Surface,Position,1,2904,
39.2057,µm,Surface,Position,1,2905,
36.0934,µm,Surface,Position,1,2906,
37.0816,µm,Surface,Position,1,2907,
36.9296,µm,Surface,Position,1,2909,
35.8354,µm,Surface,Position,1,2910,
40.2696,µm,Surface,Position,1,2911,
41.6589,µm,Surface,Position,1,2912,
38.0664,µm,Surface,Position,1,2913,
37.7379,µm,Surface,Position,1,2914,
38.3242,µm,Surface,Position,1,2915,
39.3133,µm,Surface,Position,1,2917,
36.497,µm,Surface,Position,1,2918,
36.2283,µm,Surface,Position,1,2919,
40.456,µm,Surface,Position,1,2921,
36.4508,µm,Surface,Position,1,2922,
38.9489,µm,Surface,Position,1,2923,
36.5577,µm,Surface,Position,1,2924,
39.5831,µm,Surface,Position,1,2925,
37.5183,µm,Surface,Position,1,2926,
37.4853,µm,Surface,Position,1,2928,
41.4296,µm,Surface,Position,1,2929,
36.571,µm,Surface,Position,1,2930,
38.2256,µm,Surface,Position,1,2931,
40.8439,µm,Surface,Position,1,2932,
36.7081,µm,Surface,Position,1,2933,
40.0927,µm,Surface,Position,1,2934,
39.0634,µm,Surface,Position,1,2935,
38.7515,µm,Surface,Position,1,2936,
38.3665,µm,Surface,Position,1,2937,
38.0101,µm,Surface,Position,1,2938,
37.7852,µm,Surface,Position,1,2939,
39.6011,µm,Surface,Position,1,2940,
38.0702,µm,Surface,Position,1,2941,
36.4816,µm,Surface,Position,1,2942,
39.1461,µm,Surface,Position,1,2943,
37.1778,µm,Surface,Position,1,2944,
40.8716,µm,Surface,Position,1,2945,
40.3134,µm,Surface,Position,1,2946,
37.0574,µm,Surface,Position,1,2947,
37.7086,µm,Surface,Position,1,2948,
37.611,µm,Surface,Position,1,2950,
37.6914,µm,Surface,Position,1,2951,
36.9262,µm,Surface,Position,1,2952,
39.6682,µm,Surface,Position,1,2953,
37.4967,µm,Surface,Position,1,2954,
41.0377,µm,Surface,Position,1,2955,
38.4111,µm,Surface,Position,1,2956,
39.8359,µm,Surface,Position,1,2957,
41.5206,µm,Surface,Position,1,2958,
36.8737,µm,Surface,Position,1,2959,
39.6201,µm,Surface,Position,1,2960,
37.1825,µm,Surface,Position,1,2961,
35.9756,µm,Surface,Position,1,2962,
38.6255,µm,Surface,Position,1,2963,
36.5296,µm,Surface,Position,1,2964,
36.4623,µm,Surface,Position,1,2965,
38.3465,µm,Surface,Position,1,2966,
38.7623,µm,Surface,Position,1,2967,
37.2107,µm,Surface,Position,1,2968,
40.3932,µm,Surface,Position,1,2969,
38.6741,µm,Surface,Position,1,2970,
39.1979,µm,Surface,Position,1,2971,
38.4463,µm,Surface,Position,1,2972,
39.2956,µm,Surface,Position,1,2973,
38.4254,µm,Surface,Position,1,2974,
38.4716,µm,Surface,Position,1,2975,
35.2126,µm,Surface,Position,1,2978,
36.7883,µm,Surface,Position,1,2980,
38.3918,µm,Surface,Position,1,2981,
40.6138,µm,Surface,Position,1,2982,
39.7717,µm,Surface,Position,1,2983,
36.9204,µm,Surface,Position,1,2984,
37.542,µm,Surface,Position,1,2985,
41.5163,µm,Surface,Position,1,2987,
39.1102,µm,Surface,Position,1,2988,
40.3039,µm,Surface,Position,1,2989,
39.6517,µm,Surface,Position,1,2990,
37.1399,µm,Surface,Position,1,2991,
39.9917,µm,Surface,Position,1,2992,
39.1075,µm,Surface,Position,1,2993,
38.9377,µm,Surface,Position,1,2994,
36.972,µm,Surface,Position,1,2995,
37.2453,µm,Surface,Position,1,2996,
38.3668,µm,Surface,Position,1,2997,
37.7295,µm,Surface,Position,1,2998,
38.9329,µm,Surface,Position,1,2999,
40.5717,µm,Surface,Position,1,3000,
43.0471,µm,Surface,Position,1,3001,
39.684,µm,Surface,Position,1,3003,
38.6399,µm,Surface,Position,1,3004,
35.1004,µm,Surface,Position,1,3005,
40.3745,µm,Surface,Position,1,3006,
36.0267,µm,Surface,Position,1,3007,
41.39,µm,Surface,Position,1,3008,
36.3281,µm,Surface,Position,1,3009,
36.4019,µm,Surface,Position,1,3010,
39.7311,µm,Surface,Position,1,3011,
36.0598,µm,Surface,Position,1,3012,
36.5546,µm,Surface,Position,1,3013,
36.6135,µm,Surface,Position,1,3014,
39.4319,µm,Surface,Position,1,3015,
38.7347,µm,Surface,Position,1,3016,
40.2131,µm,Surface,Position,1,3017,
38.6325,µm,Surface,Position,1,3018,
37.6826,µm,Surface,Position,1,3019,
38.138,µm,Surface,Position,1,3020,
38.6893,µm,Surface,Position,1,3021,
37.9751,µm,Surface,Position,1,3023,
41.2955,µm,Surface,Position,1,3024,
38.0187,µm,Surface,Position,1,3025,
36.783,µm,Surface,Position,1,3026,
36.1814,µm,Surface,Position,1,3027,
37.7327,µm,Surface,Position,1,3028,
40.0414,µm,Surface,Position,1,3029,
39.7066,µm,Surface,Position,1,3030,
37.9006,µm,Surface,Position,1,3031,
37.5766,µm,Surface,Position,1,3032,
41.4719,µm,Surface,Position,1,3033,
38.6859,µm,Surface,Position,1,3034,
39.3073,µm,Surface,Position,1,3035,
37.4654,µm,Surface,Position,1,3036,
38.5266,µm,Surface,Position,1,3037,
32.9789,µm,Surface,Position,1,3038,
39.1067,µm,Surface,Position,1,3039,
35.9809,µm,Surface,Position,1,3040,
38.1225,µm,Surface,Position,1,3041,
37.4801,µm,Surface,Position,1,3042,
36.7004,µm,Surface,Position,1,3043,
37.5878,µm,Surface,Position,1,3044,
38.8591,µm,Surface,Position,1,3046,
40.8029,µm,Surface,Position,1,3047,
37.0197,µm,Surface,Position,1,3048,
39.3523,µm,Surface,Position,1,3049,
35.9019,µm,Surface,Position,1,3051,
41.7109,µm,Surface,Position,1,3052,
38.0053,µm,Surface,Position,1,3053,
36.5598,µm,Surface,Position,1,3054,
38.6562,µm,Surface,Position,1,3055,
37.8886,µm,Surface,Position,1,3056,
36.1544,µm,Surface,Position,1,3057,
38.7431,µm,Surface,Position,1,3058,
41.0153,µm,Surface,Position,1,3059,
38.5837,µm,Surface,Position,1,3060,
39.7905,µm,Surface,Position,1,3061,
38.4444,µm,Surface,Position,1,3062,
35.6642,µm,Surface,Position,1,3063,
39.8243,µm,Surface,Position,1,3064,
36.1045,µm,Surface,Position,1,3065,
38.8591,µm,Surface,Position,1,3068,
36.8911,µm,Surface,Position,1,3069,
40.6533,µm,Surface,Position,1,3070,
36.8359,µm,Surface,Position,1,3071,
38.3947,µm,Surface,Position,1,3072,
35.2665,µm,Surface,Position,1,3074,
40.8152,µm,Surface,Position,1,3075,
37.0593,µm,Surface,Position,1,3076,
36.3008,µm,Surface,Position,1,3077,
36.6364,µm,Surface,Position,1,3078,
38.3529,µm,Surface,Position,1,3080,
38.6305,µm,Surface,Position,1,3081,
39.1007,µm,Surface,Position,1,3082,
37.6217,µm,Surface,Position,1,3084,
37.8823,µm,Surface,Position,1,3085,
38.5371,µm,Surface,Position,1,3086,
39.667,µm,Surface,Position,1,3087,
35.4222,µm,Surface,Position,1,3088,
38.1492,µm,Surface,Position,1,3089,
38.8378,µm,Surface,Position,1,3091,
37.949,µm,Surface,Position,1,3092,
37.3956,µm,Surface,Position,1,3093,
43.5449,µm,Surface,Position,1,3094,
37.7022,µm,Surface,Position,1,3096,
38.3056,µm,Surface,Position,1,3097,
35.6946,µm,Surface,Position,1,3098,
40.4329,µm,Surface,Position,1,3099,
40.2452,µm,Surface,Position,1,3100,
39.2884,µm,Surface,Position,1,3102,
37.6731,µm,Surface,Position,1,3104,
36.275,µm,Surface,Position,1,3105,
36.5025,µm,Surface,Position,1,3106,
37.5634,µm,Surface,Position,1,3107,
39.5568,µm,Surface,Position,1,3108,
39.6958,µm,Surface,Position,1,3109,
40.3085,µm,Surface,Position,1,3110,
37.3906,µm,Surface,Position,1,3111,
36.7784,µm,Surface,Position,1,3112,
35.0147,µm,Surface,Position,1,3113,
36.623,µm,Surface,Position,1,3114,
39.7216,µm,Surface,Position,1,3115,
38.9304,µm,Surface,Position,1,3117,
38.1567,µm,Surface,Position,1,3118,
35.9959,µm,Surface,Position,1,3119,
40.1233,µm,Surface,Position,1,3120,
38.51,µm,Surface,Position,1,3121,
39.1602,µm,Surface,Position,1,3122,
34.9716,µm,Surface,Position,1,3123,
39.4304,µm,Surface,Position,1,3124,
36.8383,µm,Surface,Position,1,3125,
39.232,µm,Surface,Position,1,3126,
39.684,µm,Surface,Position,1,3127,
40.9465,µm,Surface,Position,1,3128,
35.7135,µm,Surface,Position,1,3129,
36.2142,µm,Surface,Position,1,3130,
36.1612,µm,Surface,Position,1,3131,
37.353,µm,Surface,Position,1,3132,
38.1912,µm,Surface,Position,1,3135,
38.8994,µm,Surface,Position,1,3137,
38.9849,µm,Surface,Position,1,3138,
35.5909,µm,Surface,Position,1,3139,
36.4725,µm,Surface,Position,1,3140,
37.1803,µm,Surface,Position,1,3141,
39.3413,µm,Surface,Position,1,3142,
40.4426,µm,Surface,Position,1,3143,
39.7517,µm,Surface,Position,1,3144,
41.0087,µm,Surface,Position,1,3145,
40.0624,µm,Surface,Position,1,3146,
36.0823,µm,Surface,Position,1,3147,
36.0818,µm,Surface,Position,1,3148,
35.2495,µm,Surface,Position,1,3149,
36.106,µm,Surface,Position,1,3150,
38.871,µm,Surface,Position,1,3152,
35.3653,µm,Surface,Position,1,3153,
37.2925,µm,Surface,Position,1,3154,
35.3497,µm,Surface,Position,1,3156,
36.9977,µm,Surface,Position,1,3157,
36.6493,µm,Surface,Position,1,3158,
38.5604,µm,Surface,Position,1,3159,
34.9166,µm,Surface,Position,1,3160,
37.8316,µm,Surface,Position,1,3161,
40.2312,µm,Surface,Position,1,3162,
40.274,µm,Surface,Position,1,3163,
36.2309,µm,Surface,Position,1,3165,
36.5984,µm,Surface,Position,1,3166,
35.7978,µm,Surface,Position,1,3167,
38.1865,µm,Surface,Position,1,3168,
38.6667,µm,Surface,Position,1,3169,
37.1532,µm,Surface,Position,1,3171,
38.3716,µm,Surface,Position,1,3172,
39.6888,µm,Surface,Position,1,3173,
37.02,µm,Surface,Position,1,3174,
40.6317,µm,Surface,Position,1,3175,
37.9985,µm,Surface,Position,1,3176,
35.1578,µm,Surface,Position,1,3177,
37.5502,µm,Surface,Position,1,3179,
40.9202,µm,Surface,Position,1,3180,
36.9412,µm,Surface,Position,1,3181,
35.2546,µm,Surface,Position,1,3182,
41.6377,µm,Surface,Position,1,3183,
36.3754,µm,Surface,Position,1,3184,
37.7031,µm,Surface,Position,1,3185,
37.0501,µm,Surface,Position,1,3186,
37.8542,µm,Surface,Position,1,3188,
39.3237,µm,Surface,Position,1,3190,
35.1937,µm,Surface,Position,1,3191,
35.604,µm,Surface,Position,1,3192,
35.0348,µm,Surface,Position,1,3193,
39.011,µm,Surface,Position,1,3194,
37.4104,µm,Surface,Position,1,3195,
39.7307,µm,Surface,Position,1,3196,
35.059,µm,Surface,Position,1,3197,
36.9061,µm,Surface,Position,1,3198,
40.3015,µm,Surface,Position,1,3199,
36.1734,µm,Surface,Position,1,3200,
37.3926,µm,Surface,Position,1,3203,
36.1217,µm,Surface,Position,1,3204,
36.7375,µm,Surface,Position,1,3205,
39.4753,µm,Surface,Position,1,3206,
35.8756,µm,Surface,Position,1,3207,
38.045,µm,Surface,Position,1,3208,
39.025,µm,Surface,Position,1,3209,
37.6143,µm,Surface,Position,1,3210,
36.6537,µm,Surface,Position,1,3211,
38.5035,µm,Surface,Position,1,3212,
39.8243,µm,Surface,Position,1,3213,
38.2701,µm,Surface,Position,1,3214,
36.4377,µm,Surface,Position,1,3215,
35.8766,µm,Surface,Position,1,3216,
38.7747,µm,Surface,Position,1,3217,
39.2887,µm,Surface,Position,1,3218,
38.825,µm,Surface,Position,1,3220,
34.7008,µm,Surface,Position,1,3221,
37.2165,µm,Surface,Position,1,3222,
38.6504,µm,Surface,Position,1,3223,
38.3862,µm,Surface,Position,1,3224,
38.0567,µm,Surface,Position,1,3226,
37.3189,µm,Surface,Position,1,3227,
39.3134,µm,Surface,Position,1,3228,
37.0643,µm,Surface,Position,1,3229,
40.3839,µm,Surface,Position,1,3230,
37.4592,µm,Surface,Position,1,3232,
39.1529,µm,Surface,Position,1,3234,
36.0765,µm,Surface,Position,1,3235,
37.2654,µm,Surface,Position,1,3236,
38.1501,µm,Surface,Position,1,3237,
35.4863,µm,Surface,Position,1,3238,
40.5923,µm,Surface,Position,1,3239,
38.3497,µm,Surface,Position,1,3240,
40.0393,µm,Surface,Position,1,3241,
37.0122,µm,Surface,Position,1,3242,
37.857,µm,Surface,Position,1,3243,
37.9264,µm,Surface,Position,1,3244,
34.814,µm,Surface,Position,1,3245,
36.9799,µm,Surface,Position,1,3246,
35.5573,µm,Surface,Position,1,3247,
39.6768,µm,Surface,Position,1,3248,
39.0902,µm,Surface,Position,1,3249,
37.7999,µm,Surface,Position,1,3250,
37.3576,µm,Surface,Position,1,3251,
36.577,µm,Surface,Position,1,3252,
39.837,µm,Surface,Position,1,3254,
38.4714,µm,Surface,Position,1,3255,
35.3487,µm,Surface,Position,1,3256,
36.8078,µm,Surface,Position,1,3257,
40.2901,µm,Surface,Position,1,3258,
39.3124,µm,Surface,Position,1,3259,
34.4206,µm,Surface,Position,1,3260,
36.542,µm,Surface,Position,1,3261,
37.4973,µm,Surface,Position,1,3262,
37.9848,µm,Surface,Position,1,3263,
35.7363,µm,Surface,Position,1,3265,
42.7273,µm,Surface,Position,1,3266,
38.0978,µm,Surface,Position,1,3268,
34.6445,µm,Surface,Position,1,3269,
39.9387,µm,Surface,Position,1,3271,
38.5594,µm,Surface,Position,1,3272,
40.6346,µm,Surface,Position,1,3273,
36.6054,µm,Surface,Position,1,3275,
36.9495,µm,Surface,Position,1,3276,
36.8011,µm,Surface,Position,1,3277,
39.6342,µm,Surface,Position,1,3278,
36.6311,µm,Surface,Position,1,3279,
36.4778,µm,Surface,Position,1,3280,
40.255,µm,Surface,Position,1,3281,
39.3923,µm,Surface,Position,1,3282,
38.7663,µm,Surface,Position,1,3284,
40.565,µm,Surface,Position,1,3285,
39.9064,µm,Surface,Position,1,3286,
38.1267,µm,Surface,Position,1,3287,
34.7644,µm,Surface,Position,1,3288,
40.1509,µm,Surface,Position,1,3289,
33.4553,µm,Surface,Position,1,3290,
37.6523,µm,Surface,Position,1,3291,
36.0729,µm,Surface,Position,1,3293,
37.469,µm,Surface,Position,1,3294,
35.5092,µm,Surface,Position,1,3295,
37.6972,µm,Surface,Position,1,3296,
37.6242,µm,Surface,Position,1,3297,
37.5329,µm,Surface,Position,1,3298,
35.5652,µm,Surface,Position,1,3299,
36.6351,µm,Surface,Position,1,3300,
35.2697,µm,Surface,Position,1,3301,
35.742,µm,Surface,Position,1,3302,
39.9287,µm,Surface,Position,1,3303,
40.2978,µm,Surface,Position,1,3304,
39.0773,µm,Surface,Position,1,3306,
38.8656,µm,Surface,Position,1,3307,
35.1739,µm,Surface,Position,1,3308,
38.31,µm,Surface,Position,1,3309,
36.4786,µm,Surface,Position,1,3310,
34.8899,µm,Surface,Position,1,3311,
37.8398,µm,Surface,Position,1,3312,
39.8672,µm,Surface,Position,1,3313,
37.1844,µm,Surface,Position,1,3315,
36.0558,µm,Surface,Position,1,3316,
34.5273,µm,Surface,Position,1,3317,
37.9018,µm,Surface,Position,1,3318,
36.463,µm,Surface,Position,1,3319,
39.0098,µm,Surface,Position,1,3320,
38.6819,µm,Surface,Position,1,3321,
35.0266,µm,Surface,Position,1,3322,
40.1459,µm,Surface,Position,1,3323,
36.1604,µm,Surface,Position,1,3324,
37.4323,µm,Surface,Position,1,3325,
38.8798,µm,Surface,Position,1,3326,
36.2174,µm,Surface,Position,1,3327,
39.9528,µm,Surface,Position,1,3328,
39.0045,µm,Surface,Position,1,3329,
39.0368,µm,Surface,Position,1,3330,
37.0654,µm,Surface,Position,1,3331,
40.1558,µm,Surface,Position,1,3332,
37.2538,µm,Surface,Position,1,3334,
39.4688,µm,Surface,Position,1,3335,
34.5047,µm,Surface,Position,1,3336,
38.3796,µm,Surface,Position,1,3337,
35.8336,µm,Surface,Position,1,3338,
35.4803,µm,Surface,Position,1,3339,
38.8568,µm,Surface,Position,1,3342,
37.0634,µm,Surface,Position,1,3344,
34.4103,µm,Surface,Position,1,3345,
34.8364,µm,Surface,Position,1,3346,
34.4843,µm,Surface,Position,1,3347,
35.9557,µm,Surface,Position,1,3348,
37.1251,µm,Surface,Position,1,3349,
36.1955,µm,Surface,Position,1,3350,
37.2728,µm,Surface,Position,1,3351,
39.2528,µm,Surface,Position,1,3352,
36.8677,µm,Surface,Position,1,3353,
34.6119,µm,Surface,Position,1,3354,
35.6318,µm,Surface,Position,1,3355,
34.176,µm,Surface,Position,1,3356,
38.1552,µm,Surface,Position,1,3357,
35.8342,µm,Surface,Position,1,3358,
37.1268,µm,Surface,Position,1,3359,
35.3495,µm,Surface,Position,1,3360,
37.1037,µm,Surface,Position,1,3361,
38.2713,µm,Surface,Position,1,3363,
33.7158,µm,Surface,Position,1,3364,
34.4975,µm,Surface,Position,1,3365,
34.7666,µm,Surface,Position,1,3366,
34.8027,µm,Surface,Position,1,3367,
38.9433,µm,Surface,Position,1,3368,
38.0588,µm,Surface,Position,1,3369,
36.268,µm,Surface,Position,1,3370,
35.8626,µm,Surface,Position,1,3372,
38.9504,µm,Surface,Position,1,3373,
36.6564,µm,Surface,Position,1,3374,
37.3633,µm,Surface,Position,1,3375,
36.6527,µm,Surface,Position,1,3376,
34.8104,µm,Surface,Position,1,3378,
37.5738,µm,Surface,Position,1,3380,
38.5199,µm,Surface,Position,1,3381,
36.8465,µm,Surface,Position,1,3382,
35.5254,µm,Surface,Position,1,3383,
39.4733,µm,Surface,Position,1,3384,
38.2802,µm,Surface,Position,1,3385,
35.0811,µm,Surface,Position,1,3386,
38.4386,µm,Surface,Position,1,3387,
37.7148,µm,Surface,Position,1,3389,
37.6452,µm,Surface,Position,1,3390,
38.0995,µm,Surface,Position,1,3391,
35.4239,µm,Surface,Position,1,3392,
34.5948,µm,Surface,Position,1,3393,
38.1641,µm,Surface,Position,1,3394,
35.7999,µm,Surface,Position,1,3395,
37.0525,µm,Surface,Position,1,3396,
36.7915,µm,Surface,Position,1,3398,
37.1107,µm,Surface,Position,1,3399,
38.7893,µm,Surface,Position,1,3400,
36.9704,µm,Surface,Position,1,3401,
36.1505,µm,Surface,Position,1,3402,
38.309,µm,Surface,Position,1,3403,
34.4091,µm,Surface,Position,1,3404,
35.2432,µm,Surface,Position,1,3406,
37.7394,µm,Surface,Position,1,3407,
37.4056,µm,Surface,Position,1,3408,
35.0787,µm,Surface,Position,1,3409,
37.0872,µm,Surface,Position,1,3410,
37.3322,µm,Surface,Position,1,3411,
35.6631,µm,Surface,Position,1,3412,
38.7756,µm,Surface,Position,1,3413,
34.6132,µm,Surface,Position,1,3414,
37.7909,µm,Surface,Position,1,3415,
38.258,µm,Surface,Position,1,3416,
34.78,µm,Surface,Position,1,3417,
34.0323,µm,Surface,Position,1,3418,
34.9875,µm,Surface,Position,1,3419,
33.9281,µm,Surface,Position,1,3421,
37.5376,µm,Surface,Position,1,3422,
37.3895,µm,Surface,Position,1,3423,
35.7561,µm,Surface,Position,1,3425,
39.6372,µm,Surface,Position,1,3426,
36.2145,µm,Surface,Position,1,3427,
38.5009,µm,Surface,Position,1,3428,
37.1247,µm,Surface,Position,1,3429,
38.545,µm,Surface,Position,1,3433,
36.5259,µm,Surface,Position,1,3434,
39.1813,µm,Surface,Position,1,3435,
34.817,µm,Surface,Position,1,3437,
36.7107,µm,Surface,Position,1,3438,
39.9475,µm,Surface,Position,1,3441,
36.6094,µm,Surface,Position,1,3442,
36.1537,µm,Surface,Position,1,3443,
37.2187,µm,Surface,Position,1,3444,
35.7049,µm,Surface,Position,1,3445,
39.5512,µm,Surface,Position,1,3446,
32.7042,µm,Surface,Position,1,3448,
37.9581,µm,Surface,Position,1,3449,
34.6152,µm,Surface,Position,1,3450,
39.4967,µm,Surface,Position,1,3451,
37.1415,µm,Surface,Position,1,3452,
39.4445,µm,Surface,Position,1,3453,
33.7336,µm,Surface,Position,1,3455,
34.2538,µm,Surface,Position,1,3457,
36.6578,µm,Surface,Position,1,3458,
34.7761,µm,Surface,Position,1,3459,
36.6003,µm,Surface,Position,1,3460,
38.292,µm,Surface,Position,1,3461,
37.2125,µm,Surface,Position,1,3462,
35.9316,µm,Surface,Position,1,3463,
33.9671,µm,Surface,Position,1,3464,
36.8902,µm,Surface,Position,1,3465,
38.3353,µm,Surface,Position,1,3466,
36.6532,µm,Surface,Position,1,3467,
36.2396,µm,Surface,Position,1,3468,
37.0184,µm,Surface,Position,1,3469,
34.1372,µm,Surface,Position,1,3470,
34.4748,µm,Surface,Position,1,3471,
38.0258,µm,Surface,Position,1,3472,
34.2861,µm,Surface,Position,1,3473,
35.202,µm,Surface,Position,1,3474,
37.8555,µm,Surface,Position,1,3476,
38.213,µm,Surface,Position,1,3477,
38.7864,µm,Surface,Position,1,3478,
38.9985,µm,Surface,Position,1,3479,
34.8427,µm,Surface,Position,1,3480,
37.1355,µm,Surface,Position,1,3482,
34.7611,µm,Surface,Position,1,3483,
35.7789,µm,Surface,Position,1,3484,
35.0434,µm,Surface,Position,1,3485,
34.3708,µm,Surface,Position,1,3486,
35.3876,µm,Surface,Position,1,3487,
37.3057,µm,Surface,Position,1,3488,
30.8252,µm,Surface,Position,1,3489,
34.1838,µm,Surface,Position,1,3490,
33.3259,µm,Surface,Position,1,3491,
38.1268,µm,Surface,Position,1,3492,
38.4771,µm,Surface,Position,1,3493,
36.0257,µm,Surface,Position,1,3494,
39.5364,µm,Surface,Position,1,3495,
35.499,µm,Surface,Position,1,3496,
33.9134,µm,Surface,Position,1,3497,
37.3307,µm,Surface,Position,1,3499,
38.109,µm,Surface,Position,1,3501,
36.2112,µm,Surface,Position,1,3502,
37.5353,µm,Surface,Position,1,3503,
34.7481,µm,Surface,Position,1,3504,
40.0216,µm,Surface,Position,1,3505,
39.3935,µm,Surface,Position,1,3506,
36.5222,µm,Surface,Position,1,3507,
36.9542,µm,Surface,Position,1,3508,
36.7968,µm,Surface,Position,1,3509,
35.2956,µm,Surface,Position,1,3510,
36.2606,µm,Surface,Position,1,3511,
38.5239,µm,Surface,Position,1,3512,
37.7071,µm,Surface,Position,1,3513,
38.8643,µm,Surface,Position,1,3514,
34.3105,µm,Surface,Position,1,3515,
35.2997,µm,Surface,Position,1,3518,
31.9805,µm,Surface,Position,1,3519,
33.7474,µm,Surface,Position,1,3520,
37.1429,µm,Surface,Position,1,3522,
36.4781,µm,Surface,Position,1,3524,
36.7748,µm,Surface,Position,1,3525,
34.482,µm,Surface,Position,1,3526,
34.9858,µm,Surface,Position,1,3527,
34.8928,µm,Surface,Position,1,3528,
35.4659,µm,Surface,Position,1,3530,
38.2391,µm,Surface,Position,1,3532,
38.9399,µm,Surface,Position,1,3533,
33.3075,µm,Surface,Position,1,3534,
39.2121,µm,Surface,Position,1,3535,
38.0419,µm,Surface,Position,1,3536,
34.004,µm,Surface,Position,1,3540,
38.7078,µm,Surface,Position,1,3541,
34.5962,µm,Surface,Position,1,3543,
36.7295,µm,Surface,Position,1,3545,
34.9908,µm,Surface,Position,1,3546,
34.0115,µm,Surface,Position,1,3547,
35.0796,µm,Surface,Position,1,3549,
38.7091,µm,Surface,Position,1,3550,
38.2623,µm,Surface,Position,1,3551,
35.5775,µm,Surface,Position,1,3552,
39.0096,µm,Surface,Position,1,3553,
40.0789,µm,Surface,Position,1,3555,
37.0115,µm,Surface,Position,1,3556,
35.497,µm,Surface,Position,1,3558,
37.7006,µm,Surface,Position,1,3559,
33.4504,µm,Surface,Position,1,3560,
38.4574,µm,Surface,Position,1,3561,
33.7967,µm,Surface,Position,1,3562,
38.0593,µm,Surface,Position,1,3563,
37.8898,µm,Surface,Position,1,3564,
33.4968,µm,Surface,Position,1,3565,
37.0676,µm,Surface,Position,1,3566,
34.4021,µm,Surface,Position,1,3567,
34.7982,µm,Surface,Position,1,3568,
35.5878,µm,Surface,Position,1,3570,
39.8878,µm,Surface,Position,1,3572,
38.6401,µm,Surface,Position,1,3574,
34.4959,µm,Surface,Position,1,3575,
36.5783,µm,Surface,Position,1,3576,
34.2609,µm,Surface,Position,1,3578,
37.2825,µm,Surface,Position,1,3579,
35.2351,µm,Surface,Position,1,3580,
33.6409,µm,Surface,Position,1,3581,
34.5971,µm,Surface,Position,1,3582,
32.3069,µm,Surface,Position,1,3583,
36.4281,µm,Surface,Position,1,3584,
37.1762,µm,Surface,Position,1,3585,
37.899,µm,Surface,Position,1,3586,
35.7562,µm,Surface,Position,1,3588,
35.6983,µm,Surface,Position,1,3589,
33.4906,µm,Surface,Position,1,3590,
35.9937,µm,Surface,Position,1,3591,
37.7172,µm,Surface,Position,1,3592,
33.659,µm,Surface,Position,1,3593,
33.4101,µm,Surface,Position,1,3594,
38.7781,µm,Surface,Position,1,3595,
31.0549,µm,Surface,Position,1,3596,
32.8357,µm,Surface,Position,1,3597,
32.4775,µm,Surface,Position,1,3598,
35.4359,µm,Surface,Position,1,3599,
34.4239,µm,Surface,Position,1,3601,
37.2521,µm,Surface,Position,1,3603,
38.6193,µm,Surface,Position,1,3604,
37.0702,µm,Surface,Position,1,3605,
36.9319,µm,Surface,Position,1,3606,
34.201,µm,Surface,Position,1,3607,
38.0334,µm,Surface,Position,1,3608,
35.2618,µm,Surface,Position,1,3609,
38.6059,µm,Surface,Position,1,3610,
36.6482,µm,Surface,Position,1,3612,
34.1604,µm,Surface,Position,1,3613,
34.1577,µm,Surface,Position,1,3614,
37.8285,µm,Surface,Position,1,3615,
33.7236,µm,Surface,Position,1,3617,
38.1446,µm,Surface,Position,1,3618,
36.0022,µm,Surface,Position,1,3619,
34.3557,µm,Surface,Position,1,3620,
38.4566,µm,Surface,Position,1,3621,
34.2697,µm,Surface,Position,1,3622,
32.5187,µm,Surface,Position,1,3625,
32.8943,µm,Surface,Position,1,3626,
38.9201,µm,Surface,Position,1,3627,
38.3658,µm,Surface,Position,1,3628,
33.6765,µm,Surface,Position,1,3629,
36.5384,µm,Surface,Position,1,3630,
38.8431,µm,Surface,Position,1,3632,
35.7136,µm,Surface,Position,1,3633,
35.922,µm,Surface,Position,1,3636,
38.1607,µm,Surface,Position,1,3637,
32.8429,µm,Surface,Position,1,3638,
37.479,µm,Surface,Position,1,3639,
33.7497,µm,Surface,Position,1,3640,
33.7389,µm,Surface,Position,1,3642,
37.8935,µm,Surface,Position,1,3643,
35.6342,µm,Surface,Position,1,3644,
37.6295,µm,Surface,Position,1,3645,
34.5645,µm,Surface,Position,1,3646,
35.214,µm,Surface,Position,1,3647,
33.4843,µm,Surface,Position,1,3648,
35.8424,µm,Surface,Position,1,3649,
36.0608,µm,Surface,Position,1,3650,
33.5213,µm,Surface,Position,1,3652,
35.6003,µm,Surface,Position,1,3654,
35.2026,µm,Surface,Position,1,3657,
36.3572,µm,Surface,Position,1,3659,
37.6123,µm,Surface,Position,1,3661,
32.9684,µm,Surface,Position,1,3663,
35.0085,µm,Surface,Position,1,3664,
37.5928,µm,Surface,Position,1,3665,
38.2166,µm,Surface,Position,1,3666,
36.6689,µm,Surface,Position,1,3667,
36.2193,µm,Surface,Position,1,3668,
36.1273,µm,Surface,Position,1,3669,
36.6445,µm,Surface,Position,1,3670,
38.5842,µm,Surface,Position,1,3671,
37.5342,µm,Surface,Position,1,3672,
35.914,µm,Surface,Position,1,3673,
37.0001,µm,Surface,Position,1,3674,
37.5149,µm,Surface,Position,1,3675,
39.2591,µm,Surface,Position,1,3676,
39.771,µm,Surface,Position,1,3677,
38.7122,µm,Surface,Position,1,3678,
36.3925,µm,Surface,Position,1,3679,
34.0986,µm,Surface,Position,1,3681,
35.142,µm,Surface,Position,1,3682,
33.3115,µm,Surface,Position,1,3683,
38.1726,µm,Surface,Position,1,3684,
36.9051,µm,Surface,Position,1,3685,
33.2552,µm,Surface,Position,1,3687,
34.8716,µm,Surface,Position,1,3688,
38.5241,µm,Surface,Position,1,3689,
35.9282,µm,Surface,Position,1,3690,
34.6819,µm,Surface,Position,1,3692,
37.1883,µm,Surface,Position,1,3693,
34.043,µm,Surface,Position,1,3694,
34.7322,µm,Surface,Position,1,3695,
38.5928,µm,Surface,Position,1,3696,
36.3375,µm,Surface,Position,1,3697,
33.2657,µm,Surface,Position,1,3698,
34.704,µm,Surface,Position,1,3699,
35.33,µm,Surface,Position,1,3701,
39.5625,µm,Surface,Position,1,3702,
35.6865,µm,Surface,Position,1,3703,
35.3427,µm,Surface,Position,1,3704,
33.4928,µm,Surface,Position,1,3705,
37.1264,µm,Surface,Position,1,3706,
38.0399,µm,Surface,Position,1,3707,
36.9182,µm,Surface,Position,1,3708,
37.7618,µm,Surface,Position,1,3709,
34.2775,µm,Surface,Position,1,3710,
33.3943,µm,Surface,Position,1,3711,
32.6134,µm,Surface,Position,1,3712,
34.2138,µm,Surface,Position,1,3715,
37.4363,µm,Surface,Position,1,3716,
37.0223,µm,Surface,Position,1,3718,
33.9557,µm,Surface,Position,1,3719,
34.7716,µm,Surface,Position,1,3720,
33.9417,µm,Surface,Position,1,3721,
33.8927,µm,Surface,Position,1,3722,
35.8818,µm,Surface,Position,1,3723,
34.7474,µm,Surface,Position,1,3724,
33.5844,µm,Surface,Position,1,3726,
37.0799,µm,Surface,Position,1,3727,
38.0276,µm,Surface,Position,1,3728,
36.2161,µm,Surface,Position,1,3729,
38.0102,µm,Surface,Position,1,3730,
34.3993,µm,Surface,Position,1,3731,
35.0604,µm,Surface,Position,1,3734,
37.0167,µm,Surface,Position,1,3735,
35.2134,µm,Surface,Position,1,3736,
37.073,µm,Surface,Position,1,3737,
35.8081,µm,Surface,Position,1,3738,
33.9593,µm,Surface,Position,1,3739,
32.0141,µm,Surface,Position,1,3740,
34.3524,µm,Surface,Position,1,3741,
32.803,µm,Surface,Position,1,3742,
36.7099,µm,Surface,Position,1,3743,
38.1373,µm,Surface,Position,1,3745,
37.9317,µm,Surface,Position,1,3746,
32.6095,µm,Surface,Position,1,3747,
38.5548,µm,Surface,Position,1,3748,
34.5792,µm,Surface,Position,1,3749,
34.3222,µm,Surface,Position,1,3750,
35.0176,µm,Surface,Position,1,3751,
37.2022,µm,Surface,Position,1,3752,
36.3665,µm,Surface,Position,1,3753,
34.1536,µm,Surface,Position,1,3754,
35.5687,µm,Surface,Position,1,3755,
36.1455,µm,Surface,Position,1,3756,
35.2446,µm,Surface,Position,1,3758,
36.641,µm,Surface,Position,1,3760,
36.7486,µm,Surface,Position,1,3761,
36.8932,µm,Surface,Position,1,3762,
37.5685,µm,Surface,Position,1,3763,
36.7798,µm,Surface,Position,1,3764,
37.5348,µm,Surface,Position,1,3765,
38.316,µm,Surface,Position,1,3766,
36.2675,µm,Surface,Position,1,3767,
34.7335,µm,Surface,Position,1,3768,
35.3647,µm,Surface,Position,1,3769,
38.1824,µm,Surface,Position,1,3770,
34.8107,µm,Surface,Position,1,3771,
35.5174,µm,Surface,Position,1,3773,
33.8567,µm,Surface,Position,1,3774,
36.2282,µm,Surface,Position,1,3776,
37.4607,µm,Surface,Position,1,3777,
37.2639,µm,Surface,Position,1,3778,
34.5591,µm,Surface,Position,1,3779,
38.8184,µm,Surface,Position,1,3780,
33.708,µm,Surface,Position,1,3781,
36.3678,µm,Surface,Position,1,3782,
38.0411,µm,Surface,Position,1,3784,
38.4491,µm,Surface,Position,1,3785,
31.181,µm,Surface,Position,1,3786,
33.0587,µm,Surface,Position,1,3787,
34.6092,µm,Surface,Position,1,3789,
37.8215,µm,Surface,Position,1,3790,
34.7903,µm,Surface,Position,1,3791,
37.6424,µm,Surface,Position,1,3792,
37.4127,µm,Surface,Position,1,3793,
34.2313,µm,Surface,Position,1,3794,
36.5375,µm,Surface,Position,1,3795,
34.9586,µm,Surface,Position,1,3796,
38.6404,µm,Surface,Position,1,3797,
32.978,µm,Surface,Position,1,3798,
38.7078,µm,Surface,Position,1,3799,
35.0878,µm,Surface,Position,1,3800,
37.7781,µm,Surface,Position,1,3801,
35.0505,µm,Surface,Position,1,3802,
33.3401,µm,Surface,Position,1,3803,
38.2591,µm,Surface,Position,1,3804,
36.2444,µm,Surface,Position,1,3805,
36.563,µm,Surface,Position,1,3806,
35.0525,µm,Surface,Position,1,3807,
35.8484,µm,Surface,Position,1,3808,
34.5477,µm,Surface,Position,1,3809,
34.7005,µm,Surface,Position,1,3810,
36.2652,µm,Surface,Position,1,3814,
38.6624,µm,Surface,Position,1,3815,
36.7093,µm,Surface,Position,1,3816,
33.7216,µm,Surface,Position,1,3817,
38.2673,µm,Surface,Position,1,3818,
38.4614,µm,Surface,Position,1,3819,
34.3045,µm,Surface,Position,1,3820,
33.7469,µm,Surface,Position,1,3821,
35.8881,µm,Surface,Position,1,3822,
33.5793,µm,Surface,Position,1,3823,
36.1751,µm,Surface,Position,1,3824,
32.7366,µm,Surface,Position,1,3825,
38.4283,µm,Surface,Position,1,3826,
35.6756,µm,Surface,Position,1,3827,
35.736,µm,Surface,Position,1,3828,
33.1065,µm,Surface,Position,1,3831,
33.6113,µm,Surface,Position,1,3832,
35.5794,µm,Surface,Position,1,3833,
37.1186,µm,Surface,Position,1,3835,
35.0062,µm,Surface,Position,1,3836,
36.9957,µm,Surface,Position,1,3838,
33.8029,µm,Surface,Position,1,3839,
35.796,µm,Surface,Position,1,3840,
33.276,µm,Surface,Position,1,3841,
33.63,µm,Surface,Position,1,3842,
34.1804,µm,Surface,Position,1,3843,
32.9952,µm,Surface,Position,1,3844,
35.2329,µm,Surface,Position,1,3845,
33.913,µm,Surface,Position,1,3846,
35.0245,µm,Surface,Position,1,3847,
37.2715,µm,Surface,Position,1,3848,
33.8321,µm,Surface,Position,1,3849,
34.8573,µm,Surface,Position,1,3851,
36.2979,µm,Surface,Position,1,3853,
32.2586,µm,Surface,Position,1,3854,
36.4865,µm,Surface,Position,1,3855,
37.7792,µm,Surface,Position,1,3856,
33.2325,µm,Surface,Position,1,3858,
36.5661,µm,Surface,Position,1,3859,
35.7993,µm,Surface,Position,1,3860,
35.3658,µm,Surface,Position,1,3862,
36.9006,µm,Surface,Position,1,3863,
31.6979,µm,Surface,Position,1,3864,
33.2088,µm,Surface,Position,1,3865,
34.2554,µm,Surface,Position,1,3866,
37.8984,µm,Surface,Position,1,3868,
37.591,µm,Surface,Position,1,3869,
36.2706,µm,Surface,Position,1,3870,
30.7928,µm,Surface,Position,1,3871,
32.6175,µm,Surface,Position,1,3872,
32.8362,µm,Surface,Position,1,3873,
37.5014,µm,Surface,Position,1,3875,
35.7974,µm,Surface,Position,1,3876,
37.0717,µm,Surface,Position,1,3877,
33.17,µm,Surface,Position,1,3878,
34.812,µm,Surface,Position,1,3879,
33.4177,µm,Surface,Position,1,3880,
35.851,µm,Surface,Position,1,3881,
37.2453,µm,Surface,Position,1,3882,
34.3125,µm,Surface,Position,1,3883,
37.6871,µm,Surface,Position,1,3884,
38.8884,µm,Surface,Position,1,3886,
36.1261,µm,Surface,Position,1,3887,
37.9472,µm,Surface,Position,1,3888,
32.7377,µm,Surface,Position,1,3890,
33.4916,µm,Surface,Position,1,3891,
38.2797,µm,Surface,Position,1,3892,
35.1219,µm,Surface,Position,1,3893,
32.8757,µm,Surface,Position,1,3895,
33.0018,µm,Surface,Position,1,3896,
33.853,µm,Surface,Position,1,3897,
36.7922,µm,Surface,Position,1,3898,
35.5815,µm,Surface,Position,1,3899,
39.0534,µm,Surface,Position,1,3900,
33.3704,µm,Surface,Position,1,3901,
35.6409,µm,Surface,Position,1,3904,
35.8604,µm,Surface,Position,1,3906,
37.9646,µm,Surface,Position,1,3907,
34.3325,µm,Surface,Position,1,3908,
32.389,µm,Surface,Position,1,3909,
36.4734,µm,Surface,Position,1,3910,
34.4942,µm,Surface,Position,1,3911,
34.0181,µm,Surface,Position,1,3912,
33.9972,µm,Surface,Position,1,3915,
33.2684,µm,Surface,Position,1,3916,
34.9323,µm,Surface,Position,1,3918,
32.3181,µm,Surface,Position,1,3919,
33.8779,µm,Surface,Position,1,3922,
38.0879,µm,Surface,Position,1,3924,
33.6176,µm,Surface,Position,1,3925,
37.2913,µm,Surface,Position,1,3926,
37.8115,µm,Surface,Position,1,3927,
38.9666,µm,Surface,Position,1,3929,
32.6204,µm,Surface,Position,1,3931,
31.9565,µm,Surface,Position,1,3932,
37.7078,µm,Surface,Position,1,3933,
32.5418,µm,Surface,Position,1,3935,
37.0299,µm,Surface,Position,1,3936,
35.1017,µm,Surface,Position,1,3937,
30.555,µm,Surface,Position,1,3938,
35.6157,µm,Surface,Position,1,3939,
37.6544,µm,Surface,Position,1,3940,
38.0459,µm,Surface,Position,1,3941,
35.8244,µm,Surface,Position,1,3942,
32.7742,µm,Surface,Position,1,3943,
36.8538,µm,Surface,Position,1,3946,
34.9844,µm,Surface,Position,1,3947,
31.8215,µm,Surface,Position,1,3948,
37.2943,µm,Surface,Position,1,3949,
37.5714,µm,Surface,Position,1,3950,
34.6294,µm,Surface,Position,1,3951,
36.6094,µm,Surface,Position,1,3952,
34.799,µm,Surface,Position,1,3953,
32.5715,µm,Surface,Position,1,3954,
36.7818,µm,Surface,Position,1,3956,
35.4168,µm,Surface,Position,1,3957,
35.7799,µm,Surface,Position,1,3959,
36.0128,µm,Surface,Position,1,3960,
34.5476,µm,Surface,Position,1,3961,
35.7354,µm,Surface,Position,1,3962,
34.2673,µm,Surface,Position,1,3963,
32.383,µm,Surface,Position,1,3964,
36.6412,µm,Surface,Position,1,3965,
37.2278,µm,Surface,Position,1,3966,
36.3537,µm,Surface,Position,1,3967,
37.6368,µm,Surface,Position,1,3968,
33.9142,µm,Surface,Position,1,3970,
32.7164,µm,Surface,Position,1,3971,
31.9087,µm,Surface,Position,1,3972,
35.4557,µm,Surface,Position,1,3974,
37.548,µm,Surface,Position,1,3975,
36.5443,µm,Surface,Position,1,3976,
36.238,µm,Surface,Position,1,3977,
31.5015,µm,Surface,Position,1,3978,
35.125,µm,Surface,Position,1,3982,
34.0378,µm,Surface,Position,1,3983,
32.226,µm,Surface,Position,1,3984,
33.7531,µm,Surface,Position,1,3985,
34.3533,µm,Surface,Position,1,3987,
33.3298,µm,Surface,Position,1,3988,
33.5337,µm,Surface,Position,1,3990,
34.2158,µm,Surface,Position,1,3991,
35.4427,µm,Surface,Position,1,3993,
38.4735,µm,Surface,Position,1,3995,
37.5596,µm,Surface,Position,1,3996,
35.8693,µm,Surface,Position,1,3997,
31.8811,µm,Surface,Position,1,3998,
30.7984,µm,Surface,Position,1,3999,
37.9089,µm,Surface,Position,1,4000,
32.2804,µm,Surface,Position,1,4001,
38.337,µm,Surface,Position,1,4002,
35.8622,µm,Surface,Position,1,4003,
33.964,µm,Surface,Position,1,4004,
34.8118,µm,Surface,Position,1,4005,
32.5344,µm,Surface,Position,1,4006,
33.1399,µm,Surface,Position,1,4007,
36.6975,µm,Surface,Position,1,4010,
37.0003,µm,Surface,Position,1,4011,
32.6936,µm,Surface,Position,1,4012,
32.3524,µm,Surface,Position,1,4014,
34.4029,µm,Surface,Position,1,4016,
34.6261,µm,Surface,Position,1,4017,
36.01,µm,Surface,Position,1,4018,
31.2051,µm,Surface,Position,1,4019,
33.0335,µm,Surface,Position,1,4020,
36.7868,µm,Surface,Position,1,4021,
32.7963,µm,Surface,Position,1,4022,
32.3315,µm,Surface,Position,1,4024,
31.9068,µm,Surface,Position,1,4025,
35.3084,µm,Surface,Position,1,4026,
34.3847,µm,Surface,Position,1,4027,
32.551,µm,Surface,Position,1,4028,
36.3286,µm,Surface,Position,1,4029,
34.4535,µm,Surface,Position,1,4031,
34.991,µm,Surface,Position,1,4032,
36.285,µm,Surface,Position,1,4033,
34.7935,µm,Surface,Position,1,4035,
35.5518,µm,Surface,Position,1,4036,
31.8656,µm,Surface,Position,1,4037,
32.1945,µm,Surface,Position,1,4038,
37.7676,µm,Surface,Position,1,4039,
37.0065,µm,Surface,Position,1,4040,
32.5842,µm,Surface,Position,1,4041,
36.1852,µm,Surface,Position,1,4042,
34.271,µm,Surface,Position,1,4043,
33.316,µm,Surface,Position,1,4044,
33.309,µm,Surface,Position,1,4045,
32.8721,µm,Surface,Position,1,4046,
37.2638,µm,Surface,Position,1,4047,
37.4634,µm,Surface,Position,1,4048,
38.0307,µm,Surface,Position,1,4050,
37.4727,µm,Surface,Position,1,4051,
36.0169,µm,Surface,Position,1,4052,
33.8734,µm,Surface,Position,1,4053,
33.3887,µm,Surface,Position,1,4054,
35.954,µm,Surface,Position,1,4055,
32.9669,µm,Surface,Position,1,4056,
36.6707,µm,Surface,Position,1,4057,
36.6757,µm,Surface,Position,1,4058,
32.0617,µm,Surface,Position,1,4059,
32.1824,µm,Surface,Position,1,4060,
39.3717,µm,Surface,Position,1,4061,
31.1535,µm,Surface,Position,1,4063,
37.0084,µm,Surface,Position,1,4064,
33.7035,µm,Surface,Position,1,4065,
34.8477,µm,Surface,Position,1,4066,
34.6059,µm,Surface,Position,1,4067,
36.8105,µm,Surface,Position,1,4068,
35.616,µm,Surface,Position,1,4069,
38.7167,µm,Surface,Position,1,4070,
32.88,µm,Surface,Position,1,4071,
32.7752,µm,Surface,Position,1,4073,
31.4479,µm,Surface,Position,1,4074,
34.5089,µm,Surface,Position,1,4075,
35.5791,µm,Surface,Position,1,4076,
31.0467,µm,Surface,Position,1,4077,
34.9464,µm,Surface,Position,1,4078,
35.5109,µm,Surface,Position,1,4079,
37.7266,µm,Surface,Position,1,4081,
36.039,µm,Surface,Position,1,4082,
34.3123,µm,Surface,Position,1,4083,
38.1202,µm,Surface,Position,1,4084,
31.8829,µm,Surface,Position,1,4085,
35.8052,µm,Surface,Position,1,4087,
36.6298,µm,Surface,Position,1,4088,
30.5293,µm,Surface,Position,1,4089,
31.3949,µm,Surface,Position,1,4090,
36.9978,µm,Surface,Position,1,4091,
31.725,µm,Surface,Position,1,4092,
32.5751,µm,Surface,Position,1,4093,
37.8742,µm,Surface,Position,1,4094,
33.1144,µm,Surface,Position,1,4095,
33.1606,µm,Surface,Position,1,4096,
33.3204,µm,Surface,Position,1,4097,
36.9106,µm,Surface,Position,1,4098,
35.154,µm,Surface,Position,1,4099,
38.3003,µm,Surface,Position,1,4100,
35.4055,µm,Surface,Position,1,4101,
32.0712,µm,Surface,Position,1,4103,
37.7194,µm,Surface,Position,1,4105,
32.5804,µm,Surface,Position,1,4106,
32.5247,µm,Surface,Position,1,4107,
31.5988,µm,Surface,Position,1,4108,
33.7782,µm,Surface,Position,1,4109,
35.6127,µm,Surface,Position,1,4110,
36.4421,µm,Surface,Position,1,4111,
36.7196,µm,Surface,Position,1,4112,
31.706,µm,Surface,Position,1,4113,
35.6204,µm,Surface,Position,1,4115,
35.9801,µm,Surface,Position,1,4116,
31.1233,µm,Surface,Position,1,4117,
34.848,µm,Surface,Position,1,4118,
35.7906,µm,Surface,Position,1,4119,
31.3091,µm,Surface,Position,1,4120,
33.6104,µm,Surface,Position,1,4121,
32.8069,µm,Surface,Position,1,4122,
34.7637,µm,Surface,Position,1,4123,
35.088,µm,Surface,Position,1,4125,
37.4226,µm,Surface,Position,1,4126,
34.0849,µm,Surface,Position,1,4127,
35.3025,µm,Surface,Position,1,4128,
34.1922,µm,Surface,Position,1,4131,
31.7642,µm,Surface,Position,1,4133,
35.9259,µm,Surface,Position,1,4134,
36.1198,µm,Surface,Position,1,4135,
38.0013,µm,Surface,Position,1,4136,
34.041,µm,Surface,Position,1,4137,
37.7507,µm,Surface,Position,1,4138,
34.8061,µm,Surface,Position,1,4139,
33.4663,µm,Surface,Position,1,4141,
33.7072,µm,Surface,Position,1,4142,
31.0718,µm,Surface,Position,1,4143,
32.9655,µm,Surface,Position,1,4144,
38.548,µm,Surface,Position,1,4145,
35.0954,µm,Surface,Position,1,4146,
32.3983,µm,Surface,Position,1,4147,
37.6117,µm,Surface,Position,1,4148,
37.1591,µm,Surface,Position,1,4149,
28.933,µm,Surface,Position,1,4150,
33.3409,µm,Surface,Position,1,4152,
30.4307,µm,Surface,Position,1,4153,
30.4632,µm,Surface,Position,1,4154,
33.0013,µm,Surface,Position,1,4155,
32.0915,µm,Surface,Position,1,4156,
34.0817,µm,Surface,Position,1,4157,
36.9553,µm,Surface,Position,1,4158,
34.4892,µm,Surface,Position,1,4159,
37.0377,µm,Surface,Position,1,4160,
39.3465,µm,Surface,Position,1,4161,
32.8864,µm,Surface,Position,1,4162,
35.6382,µm,Surface,Position,1,4163,
31.1476,µm,Surface,Position,1,4164,
32.1724,µm,Surface,Position,1,4166,
35.3322,µm,Surface,Position,1,4167,
36.0814,µm,Surface,Position,1,4169,
38.1075,µm,Surface,Position,1,4171,
34.2741,µm,Surface,Position,1,4172,
32.5575,µm,Surface,Position,1,4173,
35.2067,µm,Surface,Position,1,4174,
33.902,µm,Surface,Position,1,4175,
33.8914,µm,Surface,Position,1,4176,
30.9007,µm,Surface,Position,1,4177,
35.0001,µm,Surface,Position,1,4179,
32.2674,µm,Surface,Position,1,4180,
29.8184,µm,Surface,Position,1,4181,
31.9942,µm,Surface,Position,1,4182,
33.2076,µm,Surface,Position,1,4183,
29.3228,µm,Surface,Position,1,4184,
30.0764,µm,Surface,Position,1,4185,
32.2823,µm,Surface,Position,1,4186,
32.6004,µm,Surface,Position,1,4187,
31.7635,µm,Surface,Position,1,4188,
34.8382,µm,Surface,Position,1,4189,
33.8798,µm,Surface,Position,1,4190,
26.299,µm,Surface,Position,1,4191,
33.9758,µm,Surface,Position,1,4192,
32.9372,µm,Surface,Position,1,4194,
32.5362,µm,Surface,Position,1,4195,
36.5641,µm,Surface,Position,1,4196,
32.8618,µm,Surface,Position,1,4197,
30.6572,µm,Surface,Position,1,4198,
33.5539,µm,Surface,Position,1,4199,
36.3792,µm,Surface,Position,1,4200,
37.0138,µm,Surface,Position,1,4201,
35.2533,µm,Surface,Position,1,4202,
30.8426,µm,Surface,Position,1,4203,
36.1835,µm,Surface,Position,1,4204,
36.313,µm,Surface,Position,1,4205,
35.0703,µm,Surface,Position,1,4207,
35.4694,µm,Surface,Position,1,4208,
37.2101,µm,Surface,Position,1,4209,
34.6511,µm,Surface,Position,1,4212,
37.4537,µm,Surface,Position,1,4213,
34.6256,µm,Surface,Position,1,4214,
33.482,µm,Surface,Position,1,4215,
33.1252,µm,Surface,Position,1,4216,
33.4887,µm,Surface,Position,1,4217,
36.0432,µm,Surface,Position,1,4218,
34.7616,µm,Surface,Position,1,4219,
35.5193,µm,Surface,Position,1,4221,
36.7946,µm,Surface,Position,1,4222,
34.2654,µm,Surface,Position,1,4223,
38.3773,µm,Surface,Position,1,4225,
30.9855,µm,Surface,Position,1,4226,
36.3891,µm,Surface,Position,1,4227,
31.5058,µm,Surface,Position,1,4228,
38.5159,µm,Surface,Position,1,4229,
29.7823,µm,Surface,Position,1,4230,
34.4241,µm,Surface,Position,1,4231,
37.4271,µm,Surface,Position,1,4232,
32.895,µm,Surface,Position,1,4233,
37.2722,µm,Surface,Position,1,4234,
32.176,µm,Surface,Position,1,4235,
33.2294,µm,Surface,Position,1,4236,
34.1162,µm,Surface,Position,1,4237,
31.9816,µm,Surface,Position,1,4239,
37.1474,µm,Surface,Position,1,4241,
34.9771,µm,Surface,Position,1,4242,
35.1871,µm,Surface,Position,1,4243,
34.8293,µm,Surface,Position,1,4244,
30.5885,µm,Surface,Position,1,4245,
31.515,µm,Surface,Position,1,4246,
34.3269,µm,Surface,Position,1,4247,
34.6242,µm,Surface,Position,1,4248,
32.0574,µm,Surface,Position,1,4250,
33.9708,µm,Surface,Position,1,4251,
31.8529,µm,Surface,Position,1,4252,
33.2548,µm,Surface,Position,1,4254,
33.1433,µm,Surface,Position,1,4256,
29.2724,µm,Surface,Position,1,4257,
37.0932,µm,Surface,Position,1,4258,
32.7592,µm,Surface,Position,1,4259,
32.5617,µm,Surface,Position,1,4260,
36.1767,µm,Surface,Position,1,4261,
32.0993,µm,Surface,Position,1,4262,
27.8355,µm,Surface,Position,1,4263,
38.02,µm,Surface,Position,1,4266,
38.002,µm,Surface,Position,1,4269,
31.9631,µm,Surface,Position,1,4270,
35.7359,µm,Surface,Position,1,4271,
30.638,µm,Surface,Position,1,4273,
33.4537,µm,Surface,Position,1,4274,
37.4682,µm,Surface,Position,1,4275,
31.0306,µm,Surface,Position,1,4276,
30.7286,µm,Surface,Position,1,4277,
36.0989,µm,Surface,Position,1,4278,
38.0298,µm,Surface,Position,1,4279,
31.5339,µm,Surface,Position,1,4280,
33.6788,µm,Surface,Position,1,4281,
33.4567,µm,Surface,Position,1,4283,
29.5493,µm,Surface,Position,1,4285,
30.0248,µm,Surface,Position,1,4286,
35.2862,µm,Surface,Position,1,4287,
32.6234,µm,Surface,Position,1,4288,
33.2614,µm,Surface,Position,1,4289,
33.44,µm,Surface,Position,1,4290,
37.8939,µm,Surface,Position,1,4291,
35.75,µm,Surface,Position,1,4292,
38.9528,µm,Surface,Position,1,4293,
34.6774,µm,Surface,Position,1,4294,
34.5198,µm,Surface,Position,1,4295,
28.1477,µm,Surface,Position,1,4296,
37.2125,µm,Surface,Position,1,4297,
32.5794,µm,Surface,Position,1,4298,
35.111,µm,Surface,Position,1,4299,
36.4937,µm,Surface,Position,1,4300,
31.5703,µm,Surface,Position,1,4301,
31.3738,µm,Surface,Position,1,4302,
33.4843,µm,Surface,Position,1,4303,
37.4195,µm,Surface,Position,1,4304,
35.0439,µm,Surface,Position,1,4305,
36.2001,µm,Surface,Position,1,4306,
33.474,µm,Surface,Position,1,4307,
32.6452,µm,Surface,Position,1,4308,
37.7382,µm,Surface,Position,1,4309,
32.3662,µm,Surface,Position,1,4310,
33.8769,µm,Surface,Position,1,4311,
36.6874,µm,Surface,Position,1,4312,
35.136,µm,Surface,Position,1,4313,
33.522,µm,Surface,Position,1,4314,
30.9444,µm,Surface,Position,1,4315,
30.093,µm,Surface,Position,1,4316,
29.5775,µm,Surface,Position,1,4318,
36.7002,µm,Surface,Position,1,4319,
32.3728,µm,Surface,Position,1,4320,
37.6859,µm,Surface,Position,1,4321,
31.326,µm,Surface,Position,1,4322,
28.8344,µm,Surface,Position,1,4323,
32.7944,µm,Surface,Position,1,4324,
31.3716,µm,Surface,Position,1,4325,
29.1072,µm,Surface,Position,1,4326,
34.376,µm,Surface,Position,1,4327,
29.486,µm,Surface,Position,1,4328,
28.76,µm,Surface,Position,1,4329,
29.9764,µm,Surface,Position,1,4330,
30.7495,µm,Surface,Position,1,4331,
38.0654,µm,Surface,Position,1,4332,
32.3518,µm,Surface,Position,1,4336,
34.6707,µm,Surface,Position,1,4338,
37.8495,µm,Surface,Position,1,4339,
35.5782,µm,Surface,Position,1,4340,
34.4112,µm,Surface,Position,1,4341,
29.4693,µm,Surface,Position,1,4342,
35.1524,µm,Surface,Position,1,4343,
33.3824,µm,Surface,Position,1,4344,
35.9109,µm,Surface,Position,1,4345,
30.4561,µm,Surface,Position,1,4346,
35.4816,µm,Surface,Position,1,4347,
36.2624,µm,Surface,Position,1,4348,
30.0902,µm,Surface,Position,1,4349,
33.067,µm,Surface,Position,1,4350,
33.0204,µm,Surface,Position,1,4351,
37.6393,µm,Surface,Position,1,4353,
37.7704,µm,Surface,Position,1,4354,
30.5554,µm,Surface,Position,1,4355,
36.6378,µm,Surface,Position,1,4356,
30.02,µm,Surface,Position,1,4358,
30.5691,µm,Surface,Position,1,4359,
38.1219,µm,Surface,Position,1,4360,
30.6908,µm,Surface,Position,1,4361,
35.7721,µm,Surface,Position,1,4362,
35.2619,µm,Surface,Position,1,4363,
35.8595,µm,Surface,Position,1,4364,
35.5067,µm,Surface,Position,1,4365,
37.2423,µm,Surface,Position,1,4366,
37.1162,µm,Surface,Position,1,4367,
36.2228,µm,Surface,Position,1,4368,
30.3259,µm,Surface,Position,1,4369,
30.5244,µm,Surface,Position,1,4370,
37.9655,µm,Surface,Position,1,4371,
36.7351,µm,Surface,Position,1,4372,
29.9948,µm,Surface,Position,1,4373,
33.4726,µm,Surface,Position,1,4374,
35.094,µm,Surface,Position,1,4375,
35.4253,µm,Surface,Position,1,4376,
37.0834,µm,Surface,Position,1,4377,
35.7716,µm,Surface,Position,1,4378,
37.0607,µm,Surface,Position,1,4379,
35.2056,µm,Surface,Position,1,4380,
35.7987,µm,Surface,Position,1,4382,
34.7604,µm,Surface,Position,1,4383,
37.4039,µm,Surface,Position,1,4384,
35.4048,µm,Surface,Position,1,4385,
35.5276,µm,Surface,Position,1,4386,
33.8669,µm,Surface,Position,1,4387,
34.0533,µm,Surface,Position,1,4388,
29.6867,µm,Surface,Position,1,4389,
30.0992,µm,Surface,Position,1,4390,
32.3854,µm,Surface,Position,1,4391,
29.0849,µm,Surface,Position,1,4392,
32.6115,µm,Surface,Position,1,4394,
32.2551,µm,Surface,Position,1,4395,
33.8512,µm,Surface,Position,1,4396,
35.1972,µm,Surface,Position,1,4397,
36.9436,µm,Surface,Position,1,4398,
36.2153,µm,Surface,Position,1,4399,
32.5748,µm,Surface,Position,1,4401,
36.4264,µm,Surface,Position,1,4402,
36.5854,µm,Surface,Position,1,4403,
34.4509,µm,Surface,Position,1,4404,
29.8788,µm,Surface,Position,1,4405,
34.5123,µm,Surface,Position,1,4406,
34.2525,µm,Surface,Position,1,4407,
35.0665,µm,Surface,Position,1,4408,
36.4999,µm,Surface,Position,1,4410,
35.0083,µm,Surface,Position,1,4411,
28.2536,µm,Surface,Position,1,4412,
36.2173,µm,Surface,Position,1,4413,
29.3411,µm,Surface,Position,1,4415,
32.1985,µm,Surface,Position,1,4416,
32.064,µm,Surface,Position,1,4417,
35.1292,µm,Surface,Position,1,4419,
29.5724,µm,Surface,Position,1,4420,
33.5999,µm,Surface,Position,1,4421,
32.9627,µm,Surface,Position,1,4422,
37.386,µm,Surface,Position,1,4424,
33.1118,µm,Surface,Position,1,4425,
36.9066,µm,Surface,Position,1,4426,
35.1755,µm,Surface,Position,1,4428,
37.3364,µm,Surface,Position,1,4430,
35.9372,µm,Surface,Position,1,4431,
32.0487,µm,Surface,Position,1,4432,
32.8929,µm,Surface,Position,1,4433,
34.0114,µm,Surface,Position,1,4434,
33.1291,µm,Surface,Position,1,4435,
30.0945,µm,Surface,Position,1,4436,
29.4907,µm,Surface,Position,1,4437,
28.3935,µm,Surface,Position,1,4439,
36.2951,µm,Surface,Position,1,4441,
28.0426,µm,Surface,Position,1,4442,
34.2232,µm,Surface,Position,1,4445,
34.7066,µm,Surface,Position,1,4446,
27.6771,µm,Surface,Position,1,4447,
31.597,µm,Surface,Position,1,4448,
33.6311,µm,Surface,Position,1,4449,
28.9408,µm,Surface,Position,1,4450,
32.1547,µm,Surface,Position,1,4451,
31.2843,µm,Surface,Position,1,4452,
32.1928,µm,Surface,Position,1,4453,
34.1351,µm,Surface,Position,1,4454,
31.6785,µm,Surface,Position,1,4455,
35.1568,µm,Surface,Position,1,4456,
32.756,µm,Surface,Position,1,4457,
34.842,µm,Surface,Position,1,4458,
37.7744,µm,Surface,Position,1,4459,
36.7922,µm,Surface,Position,1,4460,
37.1981,µm,Surface,Position,1,4461,
34.5281,µm,Surface,Position,1,4463,
31.0179,µm,Surface,Position,1,4464,
33.8384,µm,Surface,Position,1,4465,
33.2759,µm,Surface,Position,1,4466,
33.0261,µm,Surface,Position,1,4467,
32.0072,µm,Surface,Position,1,4468,
31.4414,µm,Surface,Position,1,4469,
28.2246,µm,Surface,Position,1,4470,
32.7113,µm,Surface,Position,1,4471,
36.5634,µm,Surface,Position,1,4472,
33.3822,µm,Surface,Position,1,4473,
36.8878,µm,Surface,Position,1,4474,
33.8872,µm,Surface,Position,1,4475,
27.2497,µm,Surface,Position,1,4476,
28.7538,µm,Surface,Position,1,4477,
32.7827,µm,Surface,Position,1,4479,
32.2869,µm,Surface,Position,1,4480,
35.4372,µm,Surface,Position,1,4481,
35.488,µm,Surface,Position,1,4482,
29.7804,µm,Surface,Position,1,4483,
36.3793,µm,Surface,Position,1,4484,
34.1257,µm,Surface,Position,1,4485,
35.7055,µm,Surface,Position,1,4486,
36.7048,µm,Surface,Position,1,4487,
36.2798,µm,Surface,Position,1,4488,
32.4724,µm,Surface,Position,1,4489,
30.7024,µm,Surface,Position,1,4490,
37.5913,µm,Surface,Position,1,4491,
30.9313,µm,Surface,Position,1,4492,
33.9938,µm,Surface,Position,1,4493,
35.9956,µm,Surface,Position,1,4497,
31.4604,µm,Surface,Position,1,4498,
27.9666,µm,Surface,Position,1,4500,
29.6667,µm,Surface,Position,1,4501,
32.4927,µm,Surface,Position,1,4502,
34.8436,µm,Surface,Position,1,4503,
35.1166,µm,Surface,Position,1,4504,
38.5253,µm,Surface,Position,1,4505,
38.0302,µm,Surface,Position,1,4506,
31.584,µm,Surface,Position,1,4507,
26.637,µm,Surface,Position,1,4508,
35.9085,µm,Surface,Position,1,4509,
34.4713,µm,Surface,Position,1,4510,
34.4772,µm,Surface,Position,1,4511,
29.213,µm,Surface,Position,1,4512,
35.9006,µm,Surface,Position,1,4513,
36.4222,µm,Surface,Position,1,4514,
36.9581,µm,Surface,Position,1,4515,
28.3791,µm,Surface,Position,1,4516,
30.3417,µm,Surface,Position,1,4517,
38.3042,µm,Surface,Position,1,4518,
37.7289,µm,Surface,Position,1,4519,
30.1103,µm,Surface,Position,1,4520,
35.1719,µm,Surface,Position,1,4521,
33.7684,µm,Surface,Position,1,4522,
34.5359,µm,Surface,Position,1,4523,
36.4566,µm,Surface,Position,1,4524,
30.9796,µm,Surface,Position,1,4525,
28.5713,µm,Surface,Position,1,4526,
29.9442,µm,Surface,Position,1,4527,
33.3833,µm,Surface,Position,1,4528,
36.634,µm,Surface,Position,1,4529,
37.2773,µm,Surface,Position,1,4530,
35.8615,µm,Surface,Position,1,4531,
33.5673,µm,Surface,Position,1,4532,
34.9519,µm,Surface,Position,1,4533,
32.2476,µm,Surface,Position,1,4534,
35.7841,µm,Surface,Position,1,4535,
35.0129,µm,Surface,Position,1,4536,
37.0293,µm,Surface,Position,1,4537,
27.538,µm,Surface,Position,1,4538,
36.3809,µm,Surface,Position,1,4539,
36.1718,µm,Surface,Position,1,4540,
37.1877,µm,Surface,Position,1,4541,
38.4491,µm,Surface,Position,1,4542,
34.7038,µm,Surface,Position,1,4544,
33.7215,µm,Surface,Position,1,4545,
39.8931,µm,Surface,Position,1,4546,
29.0774,µm,Surface,Position,1,4547,
33.4936,µm,Surface,Position,1,4549,
35.8775,µm,Surface,Position,1,4550,
35.393,µm,Surface,Position,1,4551,
37.7954,µm,Surface,Position,1,4552,
37.3901,µm,Surface,Position,1,4553,
32.9014,µm,Surface,Position,1,4555,
34.1431,µm,Surface,Position,1,4556,
29.1546,µm,Surface,Position,1,4557,
27.2495,µm,Surface,Position,1,4558,
33.2355,µm,Surface,Position,1,4559,
36.2852,µm,Surface,Position,1,4560,
31.1395,µm,Surface,Position,1,4561,
36.151,µm,Surface,Position,1,4562,
33.0998,µm,Surface,Position,1,4563,
29.3144,µm,Surface,Position,1,4564,
27.3551,µm,Surface,Position,1,4565,
28.4808,µm,Surface,Position,1,4567,
33.8499,µm,Surface,Position,1,4568,
34.0583,µm,Surface,Position,1,4569,
33.9189,µm,Surface,Position,1,4570,
28.875,µm,Surface,Position,1,4572,
34.884,µm,Surface,Position,1,4573,
28.5272,µm,Surface,Position,1,4574,
32.3314,µm,Surface,Position,1,4575,
34.3668,µm,Surface,Position,1,4576,
36.5712,µm,Surface,Position,1,4577,
36.8719,µm,Surface,Position,1,4578,
28.8302,µm,Surface,Position,1,4579,
38.0811,µm,Surface,Position,1,4580,
37.8483,µm,Surface,Position,1,4581,
29.909,µm,Surface,Position,1,4582,
31.8353,µm,Surface,Position,1,4583,
35.1359,µm,Surface,Position,1,4584,
39.9839,µm,Surface,Position,1,4585,
32.7445,µm,Surface,Position,1,4586,
34.1398,µm,Surface,Position,1,4587,
34.0887,µm,Surface,Position,1,4588,
37.3548,µm,Surface,Position,1,4589,
38.6717,µm,Surface,Position,1,4590,
33.094,µm,Surface,Position,1,4591,
36.1839,µm,Surface,Position,1,4592,
36.4558,µm,Surface,Position,1,4593,
34.635,µm,Surface,Position,1,4594,
28.4142,µm,Surface,Position,1,4595,
31.5806,µm,Surface,Position,1,4596,
27.8361,µm,Surface,Position,1,4597,
34.6053,µm,Surface,Position,1,4598,
27.6104,µm,Surface,Position,1,4599,
29.5715,µm,Surface,Position,1,4600,
35.2165,µm,Surface,Position,1,4601,
32.8955,µm,Surface,Position,1,4603,
35.8517,µm,Surface,Position,1,4604,
38.6957,µm,Surface,Position,1,4605,
35.1267,µm,Surface,Position,1,4606,
34.4442,µm,Surface,Position,1,4607,
32.539,µm,Surface,Position,1,4608,
33.9958,µm,Surface,Position,1,4609,
28.2325,µm,Surface,Position,1,4610,
36.7623,µm,Surface,Position,1,4611,
27.9414,µm,Surface,Position,1,4612,
35.6343,µm,Surface,Position,1,4613,
31.7873,µm,Surface,Position,1,4614,
36.129,µm,Surface,Position,1,4615,
31.4089,µm,Surface,Position,1,4616,
33.4999,µm,Surface,Position,1,4617,
30.9962,µm,Surface,Position,1,4619,
36.6516,µm,Surface,Position,1,4620,
35.9983,µm,Surface,Position,1,4621,
37.5897,µm,Surface,Position,1,4622,
37.3035,µm,Surface,Position,1,4624,
35.3911,µm,Surface,Position,1,4625,
35.6809,µm,Surface,Position,1,4626,
23.7357,µm,Surface,Position,1,4627,
35.0903,µm,Surface,Position,1,4628,
33.2315,µm,Surface,Position,1,4629,
35.7485,µm,Surface,Position,1,4630,
30.6572,µm,Surface,Position,1,4631,
31.9961,µm,Surface,Position,1,4632,
36.1408,µm,Surface,Position,1,4633,
30.3148,µm,Surface,Position,1,4634,
33.355,µm,Surface,Position,1,4635,
34.9803,µm,Surface,Position,1,4636,
28.542,µm,Surface,Position,1,4637,
37.7593,µm,Surface,Position,1,4638,
36.6619,µm,Surface,Position,1,4639,
35.3867,µm,Surface,Position,1,4640,
32.258,µm,Surface,Position,1,4641,
31.7531,µm,Surface,Position,1,4642,
36.4197,µm,Surface,Position,1,4643,
36.8337,µm,Surface,Position,1,4644,
34.061,µm,Surface,Position,1,4645,
34.5889,µm,Surface,Position,1,4646,
30.312,µm,Surface,Position,1,4647,
34.6625,µm,Surface,Position,1,4648,
34.9516,µm,Surface,Position,1,4649,
25.1715,µm,Surface,Position,1,4650,
35.6615,µm,Surface,Position,1,4651,
36.276,µm,Surface,Position,1,4652,
34.3029,µm,Surface,Position,1,4653,
36.6945,µm,Surface,Position,1,4654,
27.892,µm,Surface,Position,1,4655,
36.8517,µm,Surface,Position,1,4656,
28.2143,µm,Surface,Position,1,4657,
33.972,µm,Surface,Position,1,4658,
35.334,µm,Surface,Position,1,4659,
33.2486,µm,Surface,Position,1,4660,
34.8375,µm,Surface,Position,1,4661,
26.2653,µm,Surface,Position,1,4662,
34.7734,µm,Surface,Position,1,4663,
34.7386,µm,Surface,Position,1,4664,
25.4721,µm,Surface,Position,1,4665,
36.323,µm,Surface,Position,1,4666,
39.0963,µm,Surface,Position,1,4667,
33.6532,µm,Surface,Position,1,4668,
33.8366,µm,Surface,Position,1,4669,
34.3355,µm,Surface,Position,1,4670,
37.8712,µm,Surface,Position,1,4671,
25.5878,µm,Surface,Position,1,4673,
34.0377,µm,Surface,Position,1,4675,
27.7545,µm,Surface,Position,1,4676,
36.7208,µm,Surface,Position,1,4677,
35.292,µm,Surface,Position,1,4678,
26.8414,µm,Surface,Position,1,4679,
33.7966,µm,Surface,Position,1,4680,
22.5763,µm,Surface,Position,1,4681,
25.8163,µm,Surface,Position,1,4682,
35.9357,µm,Surface,Position,1,4683,
26.5274,µm,Surface,Position,1,4684,
24.5848,µm,Surface,Position,1,4685,
36.0258,µm,Surface,Position,1,4687,
27.644,µm,Surface,Position,1,4688,
26.7266,µm,Surface,Position,1,4690,
35.7649,µm,Surface,Position,1,4691,
26.9575,µm,Surface,Position,1,4692,
24.7602,µm,Surface,Position,1,4693,
33.1847,µm,Surface,Position,1,4694,
35.6758,µm,Surface,Position,1,4695,
36.4555,µm,Surface,Position,1,4696,
26.0461,µm,Surface,Position,1,4697,
34.6942,µm,Surface,Position,1,4698,
26.3627,µm,Surface,Position,1,4699,
26.5004,µm,Surface,Position,1,4700,
23.7806,µm,Surface,Position,1,4701,
38.6139,µm,Surface,Position,1,4702,
32.4122,µm,Surface,Position,1,4703,
33.6403,µm,Surface,Position,1,4704,
34.9534,µm,Surface,Position,1,4705,
27.2062,µm,Surface,Position,1,4706,
38.3192,µm,Surface,Position,1,4707,
25.8791,µm,Surface,Position,1,4708,
34.6256,µm,Surface,Position,1,4709,
35.8075,µm,Surface,Position,1,4710,
26.7263,µm,Surface,Position,1,4711,
37.4927,µm,Surface,Position,1,4712,
37.9086,µm,Surface,Position,1,4713,
35.5459,µm,Surface,Position,1,4714,
36.9728,µm,Surface,Position,1,4715,
26.1897,µm,Surface,Position,1,4716,
25.2082,µm,Surface,Position,1,4717,
34.6692,µm,Surface,Position,1,4718,
33.082,µm,Surface,Position,1,4719,
34.2671,µm,Surface,Position,1,4720,
28.7986,µm,Surface,Position,1,4721,
36.9119,µm,Surface,Position,1,4722,
26.1929,µm,Surface,Position,1,4723,
34.3838,µm,Surface,Position,1,4724,
36.7862,µm,Surface,Position,1,4725,
35.5011,µm,Surface,Position,1,4726,
35.6788,µm,Surface,Position,1,4727,
35.3873,µm,Surface,Position,1,4728,
33.3325,µm,Surface,Position,1,4730,
22.9882,µm,Surface,Position,1,4731,
26.1954,µm,Surface,Position,1,4732,
37.3757,µm,Surface,Position,1,4733,
35.0143,µm,Surface,Position,1,4734,
37.1913,µm,Surface,Position,1,4735,
35.1903,µm,Surface,Position,1,4736,
24.5705,µm,Surface,Position,1,4737,
25.6754,µm,Surface,Position,1,4738,
36.1301,µm,Surface,Position,1,4739,
26.0736,µm,Surface,Position,1,4740,
25.4474,µm,Surface,Position,1,4741,
24.9953,µm,Surface,Position,1,4742,
33.7462,µm,Surface,Position,1,4743,
34.4199,µm,Surface,Position,1,4744,
26.406,µm,Surface,Position,1,4746,
36.8677,µm,Surface,Position,1,4747,
25.4717,µm,Surface,Position,1,4748,
25.6437,µm,Surface,Position,1,4749,
35.4,µm,Surface,Position,1,4750,
26.4297,µm,Surface,Position,1,4751,
35.9703,µm,Surface,Position,1,4753,
25.856,µm,Surface,Position,1,4754,
26.6889,µm,Surface,Position,1,4755,
25.9073,µm,Surface,Position,1,4756,
26.9427,µm,Surface,Position,1,4757,
24.1831,µm,Surface,Position,1,4759,
37.5658,µm,Surface,Position,1,4760,
25.4042,µm,Surface,Position,1,4761,
35.0654,µm,Surface,Position,1,4762,
38.0642,µm,Surface,Position,1,4763,
35.408,µm,Surface,Position,1,4764,
23.2569,µm,Surface,Position,1,4765,
25.853,µm,Surface,Position,1,4766,
34.1927,µm,Surface,Position,1,4767,
34.1605,µm,Surface,Position,1,4768,
24.4921,µm,Surface,Position,1,4769,
24.6386,µm,Surface,Position,1,4770,
35.3303,µm,Surface,Position,1,4771,
25.03,µm,Surface,Position,1,4772,
35.7922,µm,Surface,Position,1,4773,
36.4306,µm,Surface,Position,1,4774,
36.7399,µm,Surface,Position,1,4776,
25.7812,µm,Surface,Position,1,4777,
35.624,µm,Surface,Position,1,4778,
34.3218,µm,Surface,Position,1,4780,
36.001,µm,Surface,Position,1,4781,
36.1199,µm,Surface,Position,1,4782,
34.1124,µm,Surface,Position,1,4783,
25.0411,µm,Surface,Position,1,4784,
33.2441,µm,Surface,Position,1,4785,
24.3584,µm,Surface,Position,1,4786,
34.3743,µm,Surface,Position,1,4787,
27.346,µm,Surface,Position,1,4788,
22.833,µm,Surface,Position,1,4789,
34.6792,µm,Surface,Position,1,4790,
35.0677,µm,Surface,Position,1,4791,
34.5645,µm,Surface,Position,1,4792,
35.123,µm,Surface,Position,1,4793,
35.4248,µm,Surface,Position,1,4794,
28.9439,µm,Surface,Position,1,4795,
25.1495,µm,Surface,Position,1,4796,
35.688,µm,Surface,Position,1,4797,
25.5811,µm,Surface,Position,1,4798,
24.8166,µm,Surface,Position,1,4799,
36.0963,µm,Surface,Position,1,4800,
35.3404,µm,Surface,Position,1,4801,
25.2794,µm,Surface,Position,1,4802,
36.1507,µm,Surface,Position,1,4803,
34.4028,µm,Surface,Position,1,4804,
24.271,µm,Surface,Position,1,4805,
34.253,µm,Surface,Position,1,4806,
35.9753,µm,Surface,Position,1,4807,
37.1336,µm,Surface,Position,1,4808,
37.3568,µm,Surface,Position,1,4809,
25.2104,µm,Surface,Position,1,4810,
25.3747,µm,Surface,Position,1,4811,
22.6562,µm,Surface,Position,1,4812,
27.9848,µm,Surface,Position,1,4814,
28.9604,µm,Surface,Position,1,4815,
37.0507,µm,Surface,Position,1,4816,
25.0474,µm,Surface,Position,1,4817,
21.2508,µm,Surface,Position,1,4818,
34.7128,µm,Surface,Position,1,4819,
37.0399,µm,Surface,Position,1,4820,
36.698,µm,Surface,Position,1,4821,
36.0308,µm,Surface,Position,1,4822,
36.1522,µm,Surface,Position,1,4823,
35.8256,µm,Surface,Position,1,4825,
24.0468,µm,Surface,Position,1,4826,
36.9905,µm,Surface,Position,1,4827,
24.5606,µm,Surface,Position,1,4828,
36.4744,µm,Surface,Position,1,4829,
22.7155,µm,Surface,Position,1,4830,
22.3156,µm,Surface,Position,1,4831,
39.6023,µm,Surface,Position,1,4832,
34.6163,µm,Surface,Position,1,4833,
38.8523,µm,Surface,Position,1,4835,
22.9071,µm,Surface,Position,1,4836,
34.979,µm,Surface,Position,1,4837,
39.6921,µm,Surface,Position,1,4838,
35.8496,µm,Surface,Position,1,4839,
35.1673,µm,Surface,Position,1,4840,
38.9853,µm,Surface,Position,1,4841,
36.158,µm,Surface,Position,1,4842,
36.8904,µm,Surface,Position,1,4843,
33.3424,µm,Surface,Position,1,4844,
24.7153,µm,Surface,Position,1,4845,
24.9247,µm,Surface,Position,1,4846,
35.7659,µm,Surface,Position,1,4847,
34.0977,µm,Surface,Position,1,4848,
35.2274,µm,Surface,Position,1,4849,
36.2401,µm,Surface,Position,1,4850,
34.9253,µm,Surface,Position,1,4851,
35.7771,µm,Surface,Position,1,4852,
34.1215,µm,Surface,Position,1,4853,
22.9201,µm,Surface,Position,1,4854,
35.9735,µm,Surface,Position,1,4855,
38.2044,µm,Surface,Position,1,4856,
36.8853,µm,Surface,Position,1,4857,
35.1185,µm,Surface,Position,1,4858,
37.3674,µm,Surface,Position,1,4859,
23.0768,µm,Surface,Position,1,4860,
23.5791,µm,Surface,Position,1,4862,
36.6781,µm,Surface,Position,1,4863,
35.9475,µm,Surface,Position,1,4864,
35.9577,µm,Surface,Position,1,4865,
22.941,µm,Surface,Position,1,4866,
26.3002,µm,Surface,Position,1,4867,
23.3784,µm,Surface,Position,1,4868,
38.2976,µm,Surface,Position,1,4869,
36.2938,µm,Surface,Position,1,4870,
35.5265,µm,Surface,Position,1,4871,
23.0924,µm,Surface,Position,1,4873,
36.2012,µm,Surface,Position,1,4874,
34.9897,µm,Surface,Position,1,4875,
23.8606,µm,Surface,Position,1,4876,
21.8768,µm,Surface,Position,1,4877,
34.2372,µm,Surface,Position,1,4878,
35.3502,µm,Surface,Position,1,4879,
24.4217,µm,Surface,Position,1,4880,
24.0742,µm,Surface,Position,1,4881,
23.6722,µm,Surface,Position,1,4882,
39.9208,µm,Surface,Position,1,4883,
35.3488,µm,Surface,Position,1,4885,
35.4554,µm,Surface,Position,1,4886,
36.0064,µm,Surface,Position,1,4887,
36.3778,µm,Surface,Position,1,4888,
33.9591,µm,Surface,Position,1,4889,
35.8553,µm,Surface,Position,1,4890,
32.7733,µm,Surface,Position,1,4891,
23.0143,µm,Surface,Position,1,4893,
36.5938,µm,Surface,Position,1,4894,
35.3568,µm,Surface,Position,1,4895,
36.4123,µm,Surface,Position,1,4896,
35.1726,µm,Surface,Position,1,4897,
35.414,µm,Surface,Position,1,4898,
35.0786,µm,Surface,Position,1,4899,
36.6993,µm,Surface,Position,1,4900,
34.6602,µm,Surface,Position,1,4901,
34.8679,µm,Surface,Position,1,4902,
34.6421,µm,Surface,Position,1,4904,
35.8136,µm,Surface,Position,1,4905,
33.0479,µm,Surface,Position,1,4906,
35.6938,µm,Surface,Position,1,4907,
36.9975,µm,Surface,Position,1,4908,
23.3816,µm,Surface,Position,1,4909,
34.2397,µm,Surface,Position,1,4910,
23.1842,µm,Surface,Position,1,4911,
33.9504,µm,Surface,Position,1,4912,
35.9415,µm,Surface,Position,1,4913,
35.1778,µm,Surface,Position,1,4914,
35.1242,µm,Surface,Position,1,4915,
33.8201,µm,Surface,Position,1,4916,
23.7438,µm,Surface,Position,1,4917,
37.4682,µm,Surface,Position,1,4918,
36.2353,µm,Surface,Position,1,4919,
35.4217,µm,Surface,Position,1,4920,
34.8539,µm,Surface,Position,1,4921,
36.6272,µm,Surface,Position,1,4922,
37.3188,µm,Surface,Position,1,4923,
22.45,µm,Surface,Position,1,4925,
34.6846,µm,Surface,Position,1,4927,
35.8652,µm,Surface,Position,1,4929,
35.1397,µm,Surface,Position,1,4930,
36.5001,µm,Surface,Position,1,4931,
37.9359,µm,Surface,Position,1,4932,
34.9981,µm,Surface,Position,1,4933,
35.7189,µm,Surface,Position,1,4934,
35.0161,µm,Surface,Position,1,4935,
25.7975,µm,Surface,Position,1,4936,
34.518,µm,Surface,Position,1,4937,
38.3986,µm,Surface,Position,1,4938,
21.8768,µm,Surface,Position,1,4939,
34.0117,µm,Surface,Position,1,4941,
23.6779,µm,Surface,Position,1,4942,
35.849,µm,Surface,Position,1,4943,
35.8926,µm,Surface,Position,1,4944,
35.3631,µm,Surface,Position,1,4945,
37.6647,µm,Surface,Position,1,4946,
35.0423,µm,Surface,Position,1,4947,
35.2267,µm,Surface,Position,1,4948,
36.0164,µm,Surface,Position,1,4949,
35.3144,µm,Surface,Position,1,4951,
36.7572,µm,Surface,Position,1,4952,
35.9461,µm,Surface,Position,1,4953,
36.9455,µm,Surface,Position,1,4954,
37.2442,µm,Surface,Position,1,4955,
34.341,µm,Surface,Position,1,4956,
36.508,µm,Surface,Position,1,4957,
36.0981,µm,Surface,Position,1,4958,
36.3938,µm,Surface,Position,1,4959,
35.1371,µm,Surface,Position,1,4961,
33.6718,µm,Surface,Position,1,4962,
34.8785,µm,Surface,Position,1,4963,
36.3982,µm,Surface,Position,1,4964,
36.9768,µm,Surface,Position,1,4965,
35.3284,µm,Surface,Position,1,4966,
36.2082,µm,Surface,Position,1,4967,
35.7814,µm,Surface,Position,1,4968,
36.2129,µm,Surface,Position,1,4969,
35.5541,µm,Surface,Position,1,4970,
35.5281,µm,Surface,Position,1,4971,
34.8024,µm,Surface,Position,1,4972,
36.4797,µm,Surface,Position,1,4973,
35.8257,µm,Surface,Position,1,4974,
34.1852,µm,Surface,Position,1,4975,
35.3464,µm,Surface,Position,1,4976,
35.1874,µm,Surface,Position,1,4977,
35.1709,µm,Surface,Position,1,4978,
38.0843,µm,Surface,Position,1,4979,
35.5207,µm,Surface,Position,1,4980,
35.5355,µm,Surface,Position,1,4981,
37.7761,µm,Surface,Position,1,4983,
35.8046,µm,Surface,Position,1,4984,
36.3099,µm,Surface,Position,1,4985,
35.2358,µm,Surface,Position,1,4986,
35.584,µm,Surface,Position,1,4988,
34.5168,µm,Surface,Position,1,4989,
36.9797,µm,Surface,Position,1,4990,
37.0518,µm,Surface,Position,1,4992,
35.5297,µm,Surface,Position,1,4993,
35.0922,µm,Surface,Position,1,4994,
20.4809,µm,Surface,Position,1,4995,
22.6434,µm,Surface,Position,1,4996,
33.7656,µm,Surface,Position,1,4997,
36.4641,µm,Surface,Position,1,4998,
35.5906,µm,Surface,Position,1,4999,
35.1889,µm,Surface,Position,1,5000,
36.7661,µm,Surface,Position,1,5001,
38.6125,µm,Surface,Position,1,5002,
34.9081,µm,Surface,Position,1,5003,
34.8075,µm,Surface,Position,1,5004,
36.7121,µm,Surface,Position,1,5005,
35.4015,µm,Surface,Position,1,5006,
34.5134,µm,Surface,Position,1,5007,
33.4082,µm,Surface,Position,1,5008,
36.6392,µm,Surface,Position,1,5009,
36.8181,µm,Surface,Position,1,5011,
34.2914,µm,Surface,Position,1,5012,
35.6474,µm,Surface,Position,1,5013,
35.8809,µm,Surface,Position,1,5014,
20.2047,µm,Surface,Position,1,5015,
35.203,µm,Surface,Position,1,5016,
36.3136,µm,Surface,Position,1,5017,
33.8036,µm,Surface,Position,1,5018,
35.9713,µm,Surface,Position,1,5019,
34.9706,µm,Surface,Position,1,5020,
35.7206,µm,Surface,Position,1,5021,
35.4627,µm,Surface,Position,1,5022,
36.2485,µm,Surface,Position,1,5023,
36.1116,µm,Surface,Position,1,5024,
35.6975,µm,Surface,Position,1,5025,
33.5204,µm,Surface,Position,1,5026,
35.7203,µm,Surface,Position,1,5027,
34.3224,µm,Surface,Position,1,5028,
36.2921,µm,Surface,Position,1,5029,
35.1331,µm,Surface,Position,1,5030,
35.3611,µm,Surface,Position,1,5032,
34.3767,µm,Surface,Position,1,5033,
35.0905,µm,Surface,Position,1,5035,
34.5364,µm,Surface,Position,1,5036,
35.5362,µm,Surface,Position,1,5037,
34.8378,µm,Surface,Position,1,5038,
35.8118,µm,Surface,Position,1,5039,
35.6163,µm,Surface,Position,1,5040,
34.6716,µm,Surface,Position,1,5041,
34.5147,µm,Surface,Position,1,5042,
33.8777,µm,Surface,Position,1,5043,
36.1747,µm,Surface,Position,1,5044,
35.7277,µm,Surface,Position,1,5045,
35.5066,µm,Surface,Position,1,5047,
34.9552,µm,Surface,Position,1,5049,
34.4889,µm,Surface,Position,1,5050,
36.0948,µm,Surface,Position,1,5051,
34.8324,µm,Surface,Position,1,5052,
33.4659,µm,Surface,Position,1,5053,
35.9956,µm,Surface,Position,1,5054,
33.092,µm,Surface,Position,1,5068,
33.4703,µm,Surface,Position,1,5069,
32.8719,µm,Surface,Position,1,5070,
34.4543,µm,Surface,Position,1,5072,
34.8683,µm,Surface,Position,1,5073,
35.0858,µm,Surface,Position,1,5074,
34.804,µm,Surface,Position,1,5075,
35.3521,µm,Surface,Position,1,5076,
34.9789,µm,Surface,Position,1,5078,
34.7121,µm,Surface,Position,1,5079,
