
Overlapped Volume to Surfaces Surfaces=LD
 ==================== 
Overlapped Volume to Surfaces,Unit,Category,Surfaces,Time,ID,
0,µm^3,Surface,LD,1,0,
0,µm^3,Surface,LD,1,1,
0,µm^3,Surface,LD,1,2,
0,µm^3,Surface,LD,1,3,
0,µm^3,Surface,LD,1,4,
0,µm^3,Surface,LD,1,8,
0,µm^3,Surface,LD,1,9,
0,µm^3,Surface,LD,1,10,
0,µm^3,Surface,LD,1,12,
0,µm^3,Surface,LD,1,13,
0,µm^3,Surface,LD,1,15,
0,µm^3,Surface,LD,1,16,
0,µm^3,Surface,LD,1,18,
0,µm^3,Surface,LD,1,19,
0,µm^3,Surface,LD,1,20,
0,µm^3,Surface,LD,1,21,
0,µm^3,Surface,LD,1,22,
0,µm^3,Surface,LD,1,23,
0,µm^3,Surface,LD,1,24,
0,µm^3,Surface,LD,1,25,
0,µm^3,Surface,LD,1,26,
0,µm^3,Surface,LD,1,27,
0,µm^3,Surface,LD,1,28,
0,µm^3,Surface,LD,1,29,
0,µm^3,Surface,LD,1,30,
0,µm^3,Surface,LD,1,31,
0,µm^3,Surface,LD,1,32,
0,µm^3,Surface,LD,1,33,
0,µm^3,Surface,LD,1,34,
0,µm^3,Surface,LD,1,36,
0,µm^3,Surface,LD,1,37,
0,µm^3,Surface,LD,1,38,
0,µm^3,Surface,LD,1,39,
0,µm^3,Surface,LD,1,40,
0,µm^3,Surface,LD,1,43,
0,µm^3,Surface,LD,1,44,
0,µm^3,Surface,LD,1,45,
0,µm^3,Surface,LD,1,46,
0,µm^3,Surface,LD,1,47,
0,µm^3,Surface,LD,1,48,
0,µm^3,Surface,LD,1,50,
0,µm^3,Surface,LD,1,51,
0,µm^3,Surface,LD,1,52,
0,µm^3,Surface,LD,1,54,
0,µm^3,Surface,LD,1,55,
0,µm^3,Surface,LD,1,56,
0,µm^3,Surface,LD,1,59,
0,µm^3,Surface,LD,1,62,
0,µm^3,Surface,LD,1,65,
0,µm^3,Surface,LD,1,66,
0,µm^3,Surface,LD,1,67,
0,µm^3,Surface,LD,1,68,
0,µm^3,Surface,LD,1,69,
0,µm^3,Surface,LD,1,70,
0,µm^3,Surface,LD,1,71,
0,µm^3,Surface,LD,1,72,
0,µm^3,Surface,LD,1,73,
0,µm^3,Surface,LD,1,74,
0,µm^3,Surface,LD,1,75,
0,µm^3,Surface,LD,1,76,
0,µm^3,Surface,LD,1,77,
0,µm^3,Surface,LD,1,79,
0,µm^3,Surface,LD,1,80,
0,µm^3,Surface,LD,1,82,
0,µm^3,Surface,LD,1,84,
0,µm^3,Surface,LD,1,85,
0,µm^3,Surface,LD,1,87,
0,µm^3,Surface,LD,1,88,
0,µm^3,Surface,LD,1,94,
0,µm^3,Surface,LD,1,96,
0,µm^3,Surface,LD,1,97,
0,µm^3,Surface,LD,1,100,
0,µm^3,Surface,LD,1,101,
0,µm^3,Surface,LD,1,102,
0,µm^3,Surface,LD,1,105,
0,µm^3,Surface,LD,1,106,
0,µm^3,Surface,LD,1,107,
0,µm^3,Surface,LD,1,111,
0,µm^3,Surface,LD,1,113,
0,µm^3,Surface,LD,1,114,
0,µm^3,Surface,LD,1,115,
0,µm^3,Surface,LD,1,116,
0,µm^3,Surface,LD,1,120,
0,µm^3,Surface,LD,1,122,
0,µm^3,Surface,LD,1,123,
0,µm^3,Surface,LD,1,124,
0,µm^3,Surface,LD,1,125,
0,µm^3,Surface,LD,1,126,
0,µm^3,Surface,LD,1,127,
0,µm^3,Surface,LD,1,131,
0,µm^3,Surface,LD,1,132,
0,µm^3,Surface,LD,1,134,
0,µm^3,Surface,LD,1,135,
0,µm^3,Surface,LD,1,136,
0,µm^3,Surface,LD,1,138,
0,µm^3,Surface,LD,1,139,
0,µm^3,Surface,LD,1,140,
0,µm^3,Surface,LD,1,141,
0,µm^3,Surface,LD,1,142,
0,µm^3,Surface,LD,1,143,
0,µm^3,Surface,LD,1,145,
0,µm^3,Surface,LD,1,147,
0,µm^3,Surface,LD,1,148,
0,µm^3,Surface,LD,1,150,
0,µm^3,Surface,LD,1,153,
0,µm^3,Surface,LD,1,154,
0,µm^3,Surface,LD,1,155,
0,µm^3,Surface,LD,1,157,
0,µm^3,Surface,LD,1,158,
0,µm^3,Surface,LD,1,159,
0,µm^3,Surface,LD,1,160,
0,µm^3,Surface,LD,1,161,
0,µm^3,Surface,LD,1,162,
0,µm^3,Surface,LD,1,164,
0.00122272,µm^3,Surface,LD,1,167,
0,µm^3,Surface,LD,1,168,
0,µm^3,Surface,LD,1,170,
0,µm^3,Surface,LD,1,171,
0,µm^3,Surface,LD,1,174,
0,µm^3,Surface,LD,1,175,
0,µm^3,Surface,LD,1,176,
0,µm^3,Surface,LD,1,177,
0,µm^3,Surface,LD,1,178,
0,µm^3,Surface,LD,1,180,
0,µm^3,Surface,LD,1,182,
0,µm^3,Surface,LD,1,183,
0,µm^3,Surface,LD,1,184,
0,µm^3,Surface,LD,1,185,
0,µm^3,Surface,LD,1,186,
0,µm^3,Surface,LD,1,187,
0,µm^3,Surface,LD,1,188,
0,µm^3,Surface,LD,1,191,
0,µm^3,Surface,LD,1,195,
0,µm^3,Surface,LD,1,196,
0,µm^3,Surface,LD,1,197,
0,µm^3,Surface,LD,1,199,
0,µm^3,Surface,LD,1,200,
0,µm^3,Surface,LD,1,201,
0,µm^3,Surface,LD,1,203,
0,µm^3,Surface,LD,1,204,
0,µm^3,Surface,LD,1,205,
0,µm^3,Surface,LD,1,206,
0,µm^3,Surface,LD,1,207,
0,µm^3,Surface,LD,1,208,
0,µm^3,Surface,LD,1,211,
0,µm^3,Surface,LD,1,212,
0,µm^3,Surface,LD,1,213,
0,µm^3,Surface,LD,1,215,
0,µm^3,Surface,LD,1,216,
0,µm^3,Surface,LD,1,219,
0,µm^3,Surface,LD,1,221,
0,µm^3,Surface,LD,1,222,
0,µm^3,Surface,LD,1,223,
0,µm^3,Surface,LD,1,225,
0,µm^3,Surface,LD,1,226,
0,µm^3,Surface,LD,1,227,
0,µm^3,Surface,LD,1,229,
0,µm^3,Surface,LD,1,232,
0,µm^3,Surface,LD,1,234,
0,µm^3,Surface,LD,1,236,
0,µm^3,Surface,LD,1,238,
2.08416e-05,µm^3,Surface,LD,1,239,
0,µm^3,Surface,LD,1,241,
0,µm^3,Surface,LD,1,242,
0,µm^3,Surface,LD,1,244,
0,µm^3,Surface,LD,1,245,
0,µm^3,Surface,LD,1,246,
0,µm^3,Surface,LD,1,248,
0,µm^3,Surface,LD,1,250,
0,µm^3,Surface,LD,1,251,
0,µm^3,Surface,LD,1,252,
0,µm^3,Surface,LD,1,254,
0,µm^3,Surface,LD,1,255,
0,µm^3,Surface,LD,1,256,
0,µm^3,Surface,LD,1,257,
0,µm^3,Surface,LD,1,259,
0,µm^3,Surface,LD,1,260,
0,µm^3,Surface,LD,1,261,
0,µm^3,Surface,LD,1,262,
0,µm^3,Surface,LD,1,263,
0,µm^3,Surface,LD,1,264,
0,µm^3,Surface,LD,1,265,
0,µm^3,Surface,LD,1,266,
0,µm^3,Surface,LD,1,268,
0,µm^3,Surface,LD,1,269,
0,µm^3,Surface,LD,1,270,
0,µm^3,Surface,LD,1,272,
0,µm^3,Surface,LD,1,273,
0,µm^3,Surface,LD,1,277,
0,µm^3,Surface,LD,1,278,
0,µm^3,Surface,LD,1,279,
0,µm^3,Surface,LD,1,280,
0,µm^3,Surface,LD,1,282,
0,µm^3,Surface,LD,1,284,
0,µm^3,Surface,LD,1,285,
0,µm^3,Surface,LD,1,288,
0,µm^3,Surface,LD,1,289,
0,µm^3,Surface,LD,1,290,
0,µm^3,Surface,LD,1,292,
0,µm^3,Surface,LD,1,294,
0,µm^3,Surface,LD,1,295,
0,µm^3,Surface,LD,1,296,
0,µm^3,Surface,LD,1,297,
0,µm^3,Surface,LD,1,298,
0,µm^3,Surface,LD,1,299,
0,µm^3,Surface,LD,1,302,
0,µm^3,Surface,LD,1,304,
0,µm^3,Surface,LD,1,305,
0,µm^3,Surface,LD,1,307,
0.016562,µm^3,Surface,LD,1,308,
0,µm^3,Surface,LD,1,309,
0,µm^3,Surface,LD,1,310,
0,µm^3,Surface,LD,1,311,
0,µm^3,Surface,LD,1,315,
0,µm^3,Surface,LD,1,316,
0,µm^3,Surface,LD,1,318,
0,µm^3,Surface,LD,1,319,
0,µm^3,Surface,LD,1,321,
0,µm^3,Surface,LD,1,322,
0,µm^3,Surface,LD,1,323,
0,µm^3,Surface,LD,1,325,
0,µm^3,Surface,LD,1,326,
0,µm^3,Surface,LD,1,328,
0,µm^3,Surface,LD,1,330,
0,µm^3,Surface,LD,1,333,
0,µm^3,Surface,LD,1,336,
0,µm^3,Surface,LD,1,337,
0,µm^3,Surface,LD,1,338,
0,µm^3,Surface,LD,1,339,
0,µm^3,Surface,LD,1,340,
0,µm^3,Surface,LD,1,341,
0,µm^3,Surface,LD,1,342,
0,µm^3,Surface,LD,1,343,
0,µm^3,Surface,LD,1,344,
0,µm^3,Surface,LD,1,346,
0,µm^3,Surface,LD,1,347,
0,µm^3,Surface,LD,1,348,
0,µm^3,Surface,LD,1,349,
0,µm^3,Surface,LD,1,350,
0,µm^3,Surface,LD,1,353,
0,µm^3,Surface,LD,1,354,
0,µm^3,Surface,LD,1,355,
0,µm^3,Surface,LD,1,356,
0,µm^3,Surface,LD,1,357,
0,µm^3,Surface,LD,1,359,
0,µm^3,Surface,LD,1,360,
0,µm^3,Surface,LD,1,361,
0,µm^3,Surface,LD,1,362,
0,µm^3,Surface,LD,1,363,
0,µm^3,Surface,LD,1,365,
0,µm^3,Surface,LD,1,369,
0,µm^3,Surface,LD,1,370,
0,µm^3,Surface,LD,1,371,
0,µm^3,Surface,LD,1,373,
0,µm^3,Surface,LD,1,374,
0,µm^3,Surface,LD,1,375,
0,µm^3,Surface,LD,1,377,
0,µm^3,Surface,LD,1,378,
0,µm^3,Surface,LD,1,380,
0,µm^3,Surface,LD,1,381,
0,µm^3,Surface,LD,1,382,
0,µm^3,Surface,LD,1,384,
0,µm^3,Surface,LD,1,386,
0,µm^3,Surface,LD,1,387,
0,µm^3,Surface,LD,1,388,
0,µm^3,Surface,LD,1,389,
0,µm^3,Surface,LD,1,390,
0,µm^3,Surface,LD,1,391,
0,µm^3,Surface,LD,1,392,
0,µm^3,Surface,LD,1,393,
0,µm^3,Surface,LD,1,394,
0,µm^3,Surface,LD,1,395,
0,µm^3,Surface,LD,1,396,
0,µm^3,Surface,LD,1,397,
0,µm^3,Surface,LD,1,399,
0,µm^3,Surface,LD,1,401,
0,µm^3,Surface,LD,1,402,
0,µm^3,Surface,LD,1,403,
0,µm^3,Surface,LD,1,404,
0,µm^3,Surface,LD,1,405,
0,µm^3,Surface,LD,1,406,
0,µm^3,Surface,LD,1,407,
0,µm^3,Surface,LD,1,408,
0,µm^3,Surface,LD,1,410,
0,µm^3,Surface,LD,1,411,
0,µm^3,Surface,LD,1,412,
0,µm^3,Surface,LD,1,413,
0,µm^3,Surface,LD,1,415,
0,µm^3,Surface,LD,1,416,
0,µm^3,Surface,LD,1,417,
0,µm^3,Surface,LD,1,419,
0,µm^3,Surface,LD,1,420,
0,µm^3,Surface,LD,1,421,
0,µm^3,Surface,LD,1,423,
0,µm^3,Surface,LD,1,426,
0,µm^3,Surface,LD,1,428,
0,µm^3,Surface,LD,1,429,
0,µm^3,Surface,LD,1,431,
0,µm^3,Surface,LD,1,434,
0,µm^3,Surface,LD,1,435,
0,µm^3,Surface,LD,1,437,
0,µm^3,Surface,LD,1,438,
0,µm^3,Surface,LD,1,440,
0,µm^3,Surface,LD,1,441,
0,µm^3,Surface,LD,1,442,
0,µm^3,Surface,LD,1,444,
0,µm^3,Surface,LD,1,446,
0,µm^3,Surface,LD,1,448,
0,µm^3,Surface,LD,1,449,
0,µm^3,Surface,LD,1,450,
0,µm^3,Surface,LD,1,452,
0,µm^3,Surface,LD,1,453,
0,µm^3,Surface,LD,1,455,
0,µm^3,Surface,LD,1,457,
0,µm^3,Surface,LD,1,460,
0,µm^3,Surface,LD,1,461,
0,µm^3,Surface,LD,1,463,
0,µm^3,Surface,LD,1,465,
0,µm^3,Surface,LD,1,466,
0,µm^3,Surface,LD,1,467,
0,µm^3,Surface,LD,1,468,
0,µm^3,Surface,LD,1,469,
0,µm^3,Surface,LD,1,470,
0,µm^3,Surface,LD,1,471,
0,µm^3,Surface,LD,1,472,
0,µm^3,Surface,LD,1,474,
0,µm^3,Surface,LD,1,475,
0,µm^3,Surface,LD,1,476,
0,µm^3,Surface,LD,1,477,
0,µm^3,Surface,LD,1,479,
0,µm^3,Surface,LD,1,480,
0,µm^3,Surface,LD,1,482,
0,µm^3,Surface,LD,1,483,
0,µm^3,Surface,LD,1,484,
0,µm^3,Surface,LD,1,486,
0,µm^3,Surface,LD,1,487,
0,µm^3,Surface,LD,1,488,
0,µm^3,Surface,LD,1,489,
0,µm^3,Surface,LD,1,490,
0,µm^3,Surface,LD,1,491,
0,µm^3,Surface,LD,1,492,
0,µm^3,Surface,LD,1,493,
0,µm^3,Surface,LD,1,495,
0,µm^3,Surface,LD,1,496,
0,µm^3,Surface,LD,1,497,
0,µm^3,Surface,LD,1,498,
0,µm^3,Surface,LD,1,499,
0,µm^3,Surface,LD,1,500,
0,µm^3,Surface,LD,1,503,
0,µm^3,Surface,LD,1,504,
0,µm^3,Surface,LD,1,505,
0,µm^3,Surface,LD,1,506,
0,µm^3,Surface,LD,1,507,
0,µm^3,Surface,LD,1,509,
0,µm^3,Surface,LD,1,510,
0,µm^3,Surface,LD,1,511,
0,µm^3,Surface,LD,1,512,
0,µm^3,Surface,LD,1,515,
0,µm^3,Surface,LD,1,516,
0,µm^3,Surface,LD,1,517,
0,µm^3,Surface,LD,1,518,
0,µm^3,Surface,LD,1,519,
0,µm^3,Surface,LD,1,520,
0,µm^3,Surface,LD,1,521,
0,µm^3,Surface,LD,1,522,
0,µm^3,Surface,LD,1,523,
0,µm^3,Surface,LD,1,524,
0,µm^3,Surface,LD,1,525,
0,µm^3,Surface,LD,1,527,
0,µm^3,Surface,LD,1,528,
0,µm^3,Surface,LD,1,529,
0,µm^3,Surface,LD,1,530,
0,µm^3,Surface,LD,1,531,
0,µm^3,Surface,LD,1,533,
0,µm^3,Surface,LD,1,534,
0,µm^3,Surface,LD,1,536,
0,µm^3,Surface,LD,1,537,
0,µm^3,Surface,LD,1,538,
0,µm^3,Surface,LD,1,539,
0,µm^3,Surface,LD,1,542,
0,µm^3,Surface,LD,1,543,
6.94723e-06,µm^3,Surface,LD,1,544,
0,µm^3,Surface,LD,1,545,
0,µm^3,Surface,LD,1,546,
0,µm^3,Surface,LD,1,547,
0,µm^3,Surface,LD,1,550,
0,µm^3,Surface,LD,1,551,
0,µm^3,Surface,LD,1,552,
0,µm^3,Surface,LD,1,553,
0,µm^3,Surface,LD,1,556,
0,µm^3,Surface,LD,1,557,
0,µm^3,Surface,LD,1,558,
0,µm^3,Surface,LD,1,560,
0,µm^3,Surface,LD,1,561,
0,µm^3,Surface,LD,1,562,
0,µm^3,Surface,LD,1,564,
0,µm^3,Surface,LD,1,566,
0,µm^3,Surface,LD,1,567,
0,µm^3,Surface,LD,1,568,
0,µm^3,Surface,LD,1,570,
0,µm^3,Surface,LD,1,573,
0,µm^3,Surface,LD,1,574,
0,µm^3,Surface,LD,1,575,
0,µm^3,Surface,LD,1,576,
0,µm^3,Surface,LD,1,577,
0,µm^3,Surface,LD,1,579,
0,µm^3,Surface,LD,1,580,
0,µm^3,Surface,LD,1,581,
0,µm^3,Surface,LD,1,582,
0,µm^3,Surface,LD,1,583,
0,µm^3,Surface,LD,1,585,
0,µm^3,Surface,LD,1,587,
0,µm^3,Surface,LD,1,588,
0,µm^3,Surface,LD,1,590,
0,µm^3,Surface,LD,1,591,
0,µm^3,Surface,LD,1,592,
0,µm^3,Surface,LD,1,593,
0,µm^3,Surface,LD,1,594,
0,µm^3,Surface,LD,1,597,
0,µm^3,Surface,LD,1,600,
0,µm^3,Surface,LD,1,602,
0,µm^3,Surface,LD,1,604,
0,µm^3,Surface,LD,1,605,
0,µm^3,Surface,LD,1,606,
0,µm^3,Surface,LD,1,607,
0,µm^3,Surface,LD,1,609,
0,µm^3,Surface,LD,1,613,
0,µm^3,Surface,LD,1,615,
0,µm^3,Surface,LD,1,618,
0,µm^3,Surface,LD,1,619,
0,µm^3,Surface,LD,1,620,
0,µm^3,Surface,LD,1,622,
0,µm^3,Surface,LD,1,623,
0,µm^3,Surface,LD,1,624,
0,µm^3,Surface,LD,1,625,
0,µm^3,Surface,LD,1,627,
0,µm^3,Surface,LD,1,628,
0,µm^3,Surface,LD,1,630,
0,µm^3,Surface,LD,1,631,
0,µm^3,Surface,LD,1,632,
0,µm^3,Surface,LD,1,636,
0,µm^3,Surface,LD,1,638,
0,µm^3,Surface,LD,1,640,
0,µm^3,Surface,LD,1,642,
0,µm^3,Surface,LD,1,643,
0,µm^3,Surface,LD,1,644,
0,µm^3,Surface,LD,1,645,
0,µm^3,Surface,LD,1,648,
0,µm^3,Surface,LD,1,649,
0,µm^3,Surface,LD,1,650,
0,µm^3,Surface,LD,1,651,
0,µm^3,Surface,LD,1,654,
0,µm^3,Surface,LD,1,655,
0,µm^3,Surface,LD,1,656,
0,µm^3,Surface,LD,1,659,
0,µm^3,Surface,LD,1,660,
0,µm^3,Surface,LD,1,661,
0,µm^3,Surface,LD,1,664,
0,µm^3,Surface,LD,1,665,
0,µm^3,Surface,LD,1,666,
0,µm^3,Surface,LD,1,667,
0,µm^3,Surface,LD,1,668,
0,µm^3,Surface,LD,1,669,
0,µm^3,Surface,LD,1,670,
0,µm^3,Surface,LD,1,671,
0,µm^3,Surface,LD,1,672,
0,µm^3,Surface,LD,1,674,
0,µm^3,Surface,LD,1,675,
0,µm^3,Surface,LD,1,676,
0,µm^3,Surface,LD,1,677,
0,µm^3,Surface,LD,1,678,
0,µm^3,Surface,LD,1,679,
0,µm^3,Surface,LD,1,680,
0,µm^3,Surface,LD,1,681,
0,µm^3,Surface,LD,1,682,
0,µm^3,Surface,LD,1,683,
0,µm^3,Surface,LD,1,684,
0,µm^3,Surface,LD,1,686,
0,µm^3,Surface,LD,1,687,
0,µm^3,Surface,LD,1,688,
0,µm^3,Surface,LD,1,689,
0,µm^3,Surface,LD,1,690,
0,µm^3,Surface,LD,1,692,
0,µm^3,Surface,LD,1,694,
0,µm^3,Surface,LD,1,695,
0.000486303,µm^3,Surface,LD,1,696,
0,µm^3,Surface,LD,1,697,
0,µm^3,Surface,LD,1,698,
0,µm^3,Surface,LD,1,699,
0,µm^3,Surface,LD,1,700,
0,µm^3,Surface,LD,1,701,
0,µm^3,Surface,LD,1,702,
0.00143807,µm^3,Surface,LD,1,703,
0,µm^3,Surface,LD,1,704,
0,µm^3,Surface,LD,1,705,
0.0110947,µm^3,Surface,LD,1,706,
0,µm^3,Surface,LD,1,707,
0,µm^3,Surface,LD,1,708,
0,µm^3,Surface,LD,1,709,
0,µm^3,Surface,LD,1,710,
0,µm^3,Surface,LD,1,711,
0,µm^3,Surface,LD,1,712,
0,µm^3,Surface,LD,1,713,
0,µm^3,Surface,LD,1,714,
0,µm^3,Surface,LD,1,715,
0,µm^3,Surface,LD,1,717,
7.64195e-05,µm^3,Surface,LD,1,718,
0,µm^3,Surface,LD,1,719,
0,µm^3,Surface,LD,1,721,
0,µm^3,Surface,LD,1,722,
0,µm^3,Surface,LD,1,724,
0,µm^3,Surface,LD,1,725,
0,µm^3,Surface,LD,1,727,
0,µm^3,Surface,LD,1,728,
0,µm^3,Surface,LD,1,729,
0,µm^3,Surface,LD,1,730,
0,µm^3,Surface,LD,1,732,
0,µm^3,Surface,LD,1,734,
0,µm^3,Surface,LD,1,735,
0,µm^3,Surface,LD,1,738,
0,µm^3,Surface,LD,1,739,
0,µm^3,Surface,LD,1,740,
0,µm^3,Surface,LD,1,741,
0,µm^3,Surface,LD,1,742,
0,µm^3,Surface,LD,1,743,
0,µm^3,Surface,LD,1,744,
0,µm^3,Surface,LD,1,745,
0,µm^3,Surface,LD,1,746,
0,µm^3,Surface,LD,1,747,
0.00749606,µm^3,Surface,LD,1,748,
0,µm^3,Surface,LD,1,749,
0,µm^3,Surface,LD,1,750,
0,µm^3,Surface,LD,1,753,
0,µm^3,Surface,LD,1,756,
0,µm^3,Surface,LD,1,757,
0,µm^3,Surface,LD,1,759,
0,µm^3,Surface,LD,1,760,
0,µm^3,Surface,LD,1,761,
0,µm^3,Surface,LD,1,762,
0,µm^3,Surface,LD,1,763,
0,µm^3,Surface,LD,1,764,
0,µm^3,Surface,LD,1,765,
0,µm^3,Surface,LD,1,766,
0,µm^3,Surface,LD,1,767,
0,µm^3,Surface,LD,1,768,
0,µm^3,Surface,LD,1,769,
0,µm^3,Surface,LD,1,770,
0,µm^3,Surface,LD,1,771,
0,µm^3,Surface,LD,1,772,
0,µm^3,Surface,LD,1,773,
0,µm^3,Surface,LD,1,774,
0,µm^3,Surface,LD,1,776,
0,µm^3,Surface,LD,1,777,
0,µm^3,Surface,LD,1,778,
0,µm^3,Surface,LD,1,779,
0,µm^3,Surface,LD,1,780,
0,µm^3,Surface,LD,1,782,
0,µm^3,Surface,LD,1,783,
0,µm^3,Surface,LD,1,784,
0,µm^3,Surface,LD,1,785,
0,µm^3,Surface,LD,1,786,
0,µm^3,Surface,LD,1,787,
0,µm^3,Surface,LD,1,789,
0,µm^3,Surface,LD,1,790,
0,µm^3,Surface,LD,1,791,
0,µm^3,Surface,LD,1,792,
0,µm^3,Surface,LD,1,793,
0,µm^3,Surface,LD,1,794,
0,µm^3,Surface,LD,1,797,
0,µm^3,Surface,LD,1,798,
0,µm^3,Surface,LD,1,801,
0,µm^3,Surface,LD,1,803,
0,µm^3,Surface,LD,1,804,
0,µm^3,Surface,LD,1,805,
0,µm^3,Surface,LD,1,806,
0,µm^3,Surface,LD,1,807,
0,µm^3,Surface,LD,1,808,
0,µm^3,Surface,LD,1,810,
0,µm^3,Surface,LD,1,811,
0,µm^3,Surface,LD,1,812,
0,µm^3,Surface,LD,1,813,
0,µm^3,Surface,LD,1,814,
0,µm^3,Surface,LD,1,815,
0,µm^3,Surface,LD,1,816,
0,µm^3,Surface,LD,1,818,
0,µm^3,Surface,LD,1,819,
0,µm^3,Surface,LD,1,821,
0,µm^3,Surface,LD,1,823,
0,µm^3,Surface,LD,1,824,
0,µm^3,Surface,LD,1,825,
0,µm^3,Surface,LD,1,827,
0,µm^3,Surface,LD,1,828,
0,µm^3,Surface,LD,1,829,
0,µm^3,Surface,LD,1,830,
0,µm^3,Surface,LD,1,831,
0,µm^3,Surface,LD,1,832,
0.000743354,µm^3,Surface,LD,1,833,
0,µm^3,Surface,LD,1,834,
0,µm^3,Surface,LD,1,835,
0,µm^3,Surface,LD,1,838,
0,µm^3,Surface,LD,1,839,
0,µm^3,Surface,LD,1,840,
0,µm^3,Surface,LD,1,842,
0,µm^3,Surface,LD,1,843,
0.000333467,µm^3,Surface,LD,1,844,
0,µm^3,Surface,LD,1,845,
0,µm^3,Surface,LD,1,846,
0,µm^3,Surface,LD,1,847,
0,µm^3,Surface,LD,1,848,
1.38944e-05,µm^3,Surface,LD,1,850,
0,µm^3,Surface,LD,1,852,
0,µm^3,Surface,LD,1,853,
0,µm^3,Surface,LD,1,854,
0,µm^3,Surface,LD,1,855,
0,µm^3,Surface,LD,1,857,
0,µm^3,Surface,LD,1,858,
0,µm^3,Surface,LD,1,859,
0,µm^3,Surface,LD,1,861,
0,µm^3,Surface,LD,1,863,
0,µm^3,Surface,LD,1,864,
0,µm^3,Surface,LD,1,865,
0,µm^3,Surface,LD,1,866,
0,µm^3,Surface,LD,1,867,
0,µm^3,Surface,LD,1,868,
0,µm^3,Surface,LD,1,871,
0,µm^3,Surface,LD,1,872,
0,µm^3,Surface,LD,1,873,
0,µm^3,Surface,LD,1,875,
0,µm^3,Surface,LD,1,876,
0,µm^3,Surface,LD,1,877,
0,µm^3,Surface,LD,1,878,
0,µm^3,Surface,LD,1,879,
0,µm^3,Surface,LD,1,882,
0,µm^3,Surface,LD,1,883,
0,µm^3,Surface,LD,1,884,
0,µm^3,Surface,LD,1,886,
0,µm^3,Surface,LD,1,889,
0,µm^3,Surface,LD,1,890,
0,µm^3,Surface,LD,1,891,
0.00118103,µm^3,Surface,LD,1,893,
0,µm^3,Surface,LD,1,894,
0,µm^3,Surface,LD,1,896,
0,µm^3,Surface,LD,1,897,
0,µm^3,Surface,LD,1,898,
0,µm^3,Surface,LD,1,900,
0,µm^3,Surface,LD,1,901,
0,µm^3,Surface,LD,1,903,
0.013165,µm^3,Surface,LD,1,904,
0,µm^3,Surface,LD,1,905,
0,µm^3,Surface,LD,1,906,
0,µm^3,Surface,LD,1,907,
0,µm^3,Surface,LD,1,908,
0,µm^3,Surface,LD,1,911,
0,µm^3,Surface,LD,1,912,
0,µm^3,Surface,LD,1,913,
0,µm^3,Surface,LD,1,915,
0,µm^3,Surface,LD,1,916,
0,µm^3,Surface,LD,1,918,
0,µm^3,Surface,LD,1,919,
0,µm^3,Surface,LD,1,920,
0,µm^3,Surface,LD,1,921,
0,µm^3,Surface,LD,1,922,
0,µm^3,Surface,LD,1,923,
0,µm^3,Surface,LD,1,924,
0,µm^3,Surface,LD,1,925,
0,µm^3,Surface,LD,1,926,
0,µm^3,Surface,LD,1,928,
0,µm^3,Surface,LD,1,929,
0,µm^3,Surface,LD,1,930,
0,µm^3,Surface,LD,1,931,
0,µm^3,Surface,LD,1,932,
0,µm^3,Surface,LD,1,933,
0,µm^3,Surface,LD,1,935,
0,µm^3,Surface,LD,1,936,
0,µm^3,Surface,LD,1,937,
0,µm^3,Surface,LD,1,939,
0,µm^3,Surface,LD,1,941,
0,µm^3,Surface,LD,1,943,
0,µm^3,Surface,LD,1,944,
0,µm^3,Surface,LD,1,946,
0,µm^3,Surface,LD,1,947,
0,µm^3,Surface,LD,1,948,
0,µm^3,Surface,LD,1,950,
0,µm^3,Surface,LD,1,952,
0,µm^3,Surface,LD,1,953,
0,µm^3,Surface,LD,1,954,
0,µm^3,Surface,LD,1,955,
0,µm^3,Surface,LD,1,957,
0,µm^3,Surface,LD,1,959,
0,µm^3,Surface,LD,1,960,
0,µm^3,Surface,LD,1,961,
0,µm^3,Surface,LD,1,962,
0,µm^3,Surface,LD,1,963,
0,µm^3,Surface,LD,1,964,
0,µm^3,Surface,LD,1,965,
0,µm^3,Surface,LD,1,967,
0,µm^3,Surface,LD,1,968,
0,µm^3,Surface,LD,1,969,
0,µm^3,Surface,LD,1,971,
0,µm^3,Surface,LD,1,972,
0,µm^3,Surface,LD,1,973,
0,µm^3,Surface,LD,1,975,
0,µm^3,Surface,LD,1,976,
0.0061899,µm^3,Surface,LD,1,977,
0,µm^3,Surface,LD,1,978,
0,µm^3,Surface,LD,1,979,
0,µm^3,Surface,LD,1,980,
0,µm^3,Surface,LD,1,981,
0,µm^3,Surface,LD,1,982,
0,µm^3,Surface,LD,1,983,
0,µm^3,Surface,LD,1,985,
0,µm^3,Surface,LD,1,986,
0,µm^3,Surface,LD,1,987,
0,µm^3,Surface,LD,1,988,
0,µm^3,Surface,LD,1,990,
0,µm^3,Surface,LD,1,992,
0,µm^3,Surface,LD,1,993,
0,µm^3,Surface,LD,1,994,
0,µm^3,Surface,LD,1,995,
0,µm^3,Surface,LD,1,996,
0,µm^3,Surface,LD,1,997,
0,µm^3,Surface,LD,1,998,
0,µm^3,Surface,LD,1,999,
0,µm^3,Surface,LD,1,1000,
0,µm^3,Surface,LD,1,1001,
0,µm^3,Surface,LD,1,1002,
0,µm^3,Surface,LD,1,1004,
0,µm^3,Surface,LD,1,1006,
0,µm^3,Surface,LD,1,1009,
0,µm^3,Surface,LD,1,1010,
0,µm^3,Surface,LD,1,1011,
0,µm^3,Surface,LD,1,1017,
0,µm^3,Surface,LD,1,1019,
0,µm^3,Surface,LD,1,1020,
0,µm^3,Surface,LD,1,1023,
2.77889e-05,µm^3,Surface,LD,1,1024,
0,µm^3,Surface,LD,1,1025,
0,µm^3,Surface,LD,1,1029,
0,µm^3,Surface,LD,1,1037,
0.00116714,µm^3,Surface,LD,1,1039,
0,µm^3,Surface,LD,1,1040,
0,µm^3,Surface,LD,1,1048,
0.0129982,µm^3,Surface,LD,1,1097,
0,µm^3,Surface,LD,1,1185,
0,µm^3,Surface,LD,1,1388,
0,µm^3,Surface,LD,1,1400,
0,µm^3,Surface,LD,1,1401,
0,µm^3,Surface,LD,1,1402,
0,µm^3,Surface,LD,1,1403,
0,µm^3,Surface,LD,1,1404,
