
Position Reference Frame
 ==================== 
Position X Reference Frame,Position Y Reference Frame,Position Z Reference Frame,Unit,Category,Collection,ReferenceFrame,Time,ID,
27.3275,7.4304,0.633996,µm,Surface,Position Reference Frame,Reference Frame 1,1,9,
28.7104,6.08629,0.373997,µm,Surface,Position Reference Frame,Reference Frame 1,1,10,
27.3389,6.59656,0.648282,µm,Surface,Position Reference Frame,Reference Frame 1,1,13,
29.1558,4.94501,0.56746,µm,Surface,Position Reference Frame,Reference Frame 1,1,14,
29.6879,4.6221,0.621326,µm,Surface,Position Reference Frame,Reference Frame 1,1,15,
28.1054,6.26501,0.37462,µm,Surface,Position Reference Frame,Reference Frame 1,1,16,
29.0361,4.54931,0.564013,µm,Surface,Position Reference Frame,Reference Frame 1,1,17,
28.5536,5.11843,0.438526,µm,Surface,Position Reference Frame,Reference Frame 1,1,18,
28.6943,4.58673,0.725425,µm,Surface,Position Reference Frame,Reference Frame 1,1,19,
27.1584,5.87821,0.63898,µm,Surface,Position Reference Frame,Reference Frame 1,1,21,
27.4897,5.57994,0.438138,µm,Surface,Position Reference Frame,Reference Frame 1,1,22,
28.2696,4.76558,0.464459,µm,Surface,Position Reference Frame,Reference Frame 1,1,23,
26.3783,6.64037,0.552854,µm,Surface,Position Reference Frame,Reference Frame 1,1,25,
28.2911,4.39421,0.604771,µm,Surface,Position Reference Frame,Reference Frame 1,1,26,
26.3987,6.00471,0.64352,µm,Surface,Position Reference Frame,Reference Frame 1,1,27,
27.7656,5.29089,0.590882,µm,Surface,Position Reference Frame,Reference Frame 1,1,28,
29.2567,3.29733,0.593226,µm,Surface,Position Reference Frame,Reference Frame 1,1,29,
27.7629,4.77589,0.607197,µm,Surface,Position Reference Frame,Reference Frame 1,1,30,
24.8435,7.09409,0.644282,µm,Surface,Position Reference Frame,Reference Frame 1,1,32,
28.5835,3.84522,0.471752,µm,Surface,Position Reference Frame,Reference Frame 1,1,33,
28.4283,3.24844,0.582657,µm,Surface,Position Reference Frame,Reference Frame 1,1,34,
26.6461,5.47017,0.594519,µm,Surface,Position Reference Frame,Reference Frame 1,1,35,
25.6314,5.98154,0.473772,µm,Surface,Position Reference Frame,Reference Frame 1,1,36,
28.2073,3.39601,0.371199,µm,Surface,Position Reference Frame,Reference Frame 1,1,38,
25.5578,6.58322,0.493044,µm,Surface,Position Reference Frame,Reference Frame 1,1,42,
26.7919,4.64682,0.517819,µm,Surface,Position Reference Frame,Reference Frame 1,1,43,
27.1378,4.0064,0.609711,µm,Surface,Position Reference Frame,Reference Frame 1,1,44,
24.0004,6.84614,0.631209,µm,Surface,Position Reference Frame,Reference Frame 1,1,45,
29.047,1.76867,0.605425,µm,Surface,Position Reference Frame,Reference Frame 1,1,46,
26.7672,4.21606,0.607951,µm,Surface,Position Reference Frame,Reference Frame 1,1,47,
25.8859,4.72926,0.399346,µm,Surface,Position Reference Frame,Reference Frame 1,1,48,
24.8089,5.79498,0.604753,µm,Surface,Position Reference Frame,Reference Frame 1,1,49,
24.1219,6.43295,0.60177,µm,Surface,Position Reference Frame,Reference Frame 1,1,50,
26.0835,4.43988,0.554949,µm,Surface,Position Reference Frame,Reference Frame 1,1,51,
28.0927,2.52086,0.642032,µm,Surface,Position Reference Frame,Reference Frame 1,1,52,
25.7982,5.38407,0.606949,µm,Surface,Position Reference Frame,Reference Frame 1,1,55,
27.198,3.22391,0.550262,µm,Surface,Position Reference Frame,Reference Frame 1,1,57,
27.4842,2.90369,0.563934,µm,Surface,Position Reference Frame,Reference Frame 1,1,58,
27.366,3.49842,0.594949,µm,Surface,Position Reference Frame,Reference Frame 1,1,59,
27.9462,2.12041,0.585205,µm,Surface,Position Reference Frame,Reference Frame 1,1,63,
26.1253,3.86496,0.565782,µm,Surface,Position Reference Frame,Reference Frame 1,1,64,
25.1495,4.98236,0.620021,µm,Surface,Position Reference Frame,Reference Frame 1,1,65,
23.3221,6.3381,0.626854,µm,Surface,Position Reference Frame,Reference Frame 1,1,66,
27.0816,2.85019,0.606616,µm,Surface,Position Reference Frame,Reference Frame 1,1,67,
27.3644,2.43681,0.64907,µm,Surface,Position Reference Frame,Reference Frame 1,1,69,
28.3265,1.58428,0.633737,µm,Surface,Position Reference Frame,Reference Frame 1,1,70,
24.2291,5.75966,0.590748,µm,Surface,Position Reference Frame,Reference Frame 1,1,74,
23.8937,5.69386,0.61998,µm,Surface,Position Reference Frame,Reference Frame 1,1,75,
26.2876,3.50947,0.568587,µm,Surface,Position Reference Frame,Reference Frame 1,1,76,
24.4742,4.69467,0.637171,µm,Surface,Position Reference Frame,Reference Frame 1,1,77,
26.5716,2.8527,0.645004,µm,Surface,Position Reference Frame,Reference Frame 1,1,78,
23.4563,5.84574,0.621255,µm,Surface,Position Reference Frame,Reference Frame 1,1,79,
25.579,3.91455,0.590811,µm,Surface,Position Reference Frame,Reference Frame 1,1,80,
27.2051,1.93131,0.564155,µm,Surface,Position Reference Frame,Reference Frame 1,1,82,
25.8866,3.24726,0.581927,µm,Surface,Position Reference Frame,Reference Frame 1,1,83,
23.5339,5.4603,0.6086,µm,Surface,Position Reference Frame,Reference Frame 1,1,84,
25.3265,3.62252,0.562865,µm,Surface,Position Reference Frame,Reference Frame 1,1,85,
27.6904,1.45322,0.637171,µm,Surface,Position Reference Frame,Reference Frame 1,1,87,
27.4835,1.06364,0.538282,µm,Surface,Position Reference Frame,Reference Frame 1,1,91,
24.1969,4.1723,0.643934,µm,Surface,Position Reference Frame,Reference Frame 1,1,93,
23.1689,5.3343,0.637439,µm,Surface,Position Reference Frame,Reference Frame 1,1,94,
26.5663,2.39162,0.615466,µm,Surface,Position Reference Frame,Reference Frame 1,1,97,
24.9986,3.411,0.654477,µm,Surface,Position Reference Frame,Reference Frame 1,1,98,
25.5586,2.78924,0.638282,µm,Surface,Position Reference Frame,Reference Frame 1,1,100,
26.5005,1.71457,0.604975,µm,Surface,Position Reference Frame,Reference Frame 1,1,101,
27.52,0.473064,0.579393,µm,Surface,Position Reference Frame,Reference Frame 1,1,103,
24.4406,3.59348,0.658395,µm,Surface,Position Reference Frame,Reference Frame 1,1,104,
23.5929,4.18583,0.659393,µm,Surface,Position Reference Frame,Reference Frame 1,1,107,
24.6798,2.93394,0.640174,µm,Surface,Position Reference Frame,Reference Frame 1,1,109,
23.0058,4.65075,0.59235,µm,Surface,Position Reference Frame,Reference Frame 1,1,110,
26.0333,1.76513,0.583282,µm,Surface,Position Reference Frame,Reference Frame 1,1,111,
26.2903,1.30376,0.675555,µm,Surface,Position Reference Frame,Reference Frame 1,1,112,
24.0486,3.68918,0.63569,µm,Surface,Position Reference Frame,Reference Frame 1,1,113,
25.3574,2.50842,0.605259,µm,Surface,Position Reference Frame,Reference Frame 1,1,114,
25.5884,1.95314,0.572844,µm,Surface,Position Reference Frame,Reference Frame 1,1,115,
26.6377,0.576298,0.537171,µm,Surface,Position Reference Frame,Reference Frame 1,1,117,
16.5185,10.6201,0.635462,µm,Surface,Position Reference Frame,Reference Frame 1,1,118,
24.2724,3.00867,0.646949,µm,Surface,Position Reference Frame,Reference Frame 1,1,119,
21.8946,5.66545,0.564426,µm,Surface,Position Reference Frame,Reference Frame 1,1,120,
22.6283,4.57112,0.562171,µm,Surface,Position Reference Frame,Reference Frame 1,1,121,
24.9767,2.2781,0.685345,µm,Surface,Position Reference Frame,Reference Frame 1,1,122,
26.0721,0.774456,0.626543,µm,Surface,Position Reference Frame,Reference Frame 1,1,124,
22.7697,4.13238,0.58606,µm,Surface,Position Reference Frame,Reference Frame 1,1,126,
21.3567,5.56228,0.56789,µm,Surface,Position Reference Frame,Reference Frame 1,1,127,
26.822,-0.119247,0.629764,µm,Surface,Position Reference Frame,Reference Frame 1,1,128,
20.6444,5.89127,0.643934,µm,Surface,Position Reference Frame,Reference Frame 1,1,129,
21.5049,5.23837,0.679789,µm,Surface,Position Reference Frame,Reference Frame 1,1,130,
25.5144,1.34564,0.632493,µm,Surface,Position Reference Frame,Reference Frame 1,1,131,
22.0421,4.76244,0.540965,µm,Surface,Position Reference Frame,Reference Frame 1,1,133,
27.1832,-0.708633,0.503838,µm,Surface,Position Reference Frame,Reference Frame 1,1,134,
23.8347,2.62589,0.634264,µm,Surface,Position Reference Frame,Reference Frame 1,1,136,
23.2012,3.36784,0.615581,µm,Surface,Position Reference Frame,Reference Frame 1,1,137,
24.3798,2.03127,0.626934,µm,Surface,Position Reference Frame,Reference Frame 1,1,138,
20.6633,5.57002,0.643364,µm,Surface,Position Reference Frame,Reference Frame 1,1,139,
26.6615,-0.542068,0.642727,µm,Surface,Position Reference Frame,Reference Frame 1,1,140,
23.3509,2.8776,0.635555,µm,Surface,Position Reference Frame,Reference Frame 1,1,141,
22.3183,4.02779,0.622898,µm,Surface,Position Reference Frame,Reference Frame 1,1,143,
22.6453,3.34077,0.636282,µm,Surface,Position Reference Frame,Reference Frame 1,1,144,
23.7905,2.08257,0.681616,µm,Surface,Position Reference Frame,Reference Frame 1,1,145,
24.9713,0.947502,0.668282,µm,Surface,Position Reference Frame,Reference Frame 1,1,146,
20.8205,4.91699,0.575309,µm,Surface,Position Reference Frame,Reference Frame 1,1,147,
21.913,3.80524,0.647078,µm,Surface,Position Reference Frame,Reference Frame 1,1,149,
25.1381,0.616711,0.646282,µm,Surface,Position Reference Frame,Reference Frame 1,1,150,
25.6675,0.137726,0.701567,µm,Surface,Position Reference Frame,Reference Frame 1,1,152,
21.2035,4.53485,0.573408,µm,Surface,Position Reference Frame,Reference Frame 1,1,153,
21.7086,4.26433,0.535113,µm,Surface,Position Reference Frame,Reference Frame 1,1,154,
24.5772,1.56158,0.657218,µm,Surface,Position Reference Frame,Reference Frame 1,1,155,
16.0032,9.19743,0.557373,µm,Surface,Position Reference Frame,Reference Frame 1,1,156,
22.8436,2.64343,0.659026,µm,Surface,Position Reference Frame,Reference Frame 1,1,158,
24.0159,0.916077,0.686744,µm,Surface,Position Reference Frame,Reference Frame 1,1,160,
20.5795,4.45219,0.588017,µm,Surface,Position Reference Frame,Reference Frame 1,1,163,
15.3983,9.16871,0.655975,µm,Surface,Position Reference Frame,Reference Frame 1,1,164,
20.0976,4.91153,0.511662,µm,Surface,Position Reference Frame,Reference Frame 1,1,165,
23.7645,0.570023,0.657806,µm,Surface,Position Reference Frame,Reference Frame 1,1,168,
20.7435,3.94568,0.525205,µm,Surface,Position Reference Frame,Reference Frame 1,1,169,
19.1733,5.38845,0.55297,µm,Surface,Position Reference Frame,Reference Frame 1,1,170,
23.8775,0.198948,0.684282,µm,Surface,Position Reference Frame,Reference Frame 1,1,171,
19.5046,4.8868,0.595535,µm,Surface,Position Reference Frame,Reference Frame 1,1,172,
24.8675,-0.903179,0.64352,µm,Surface,Position Reference Frame,Reference Frame 1,1,173,
16.7939,7.17022,0.583576,µm,Surface,Position Reference Frame,Reference Frame 1,1,174,
15.9237,8.38282,0.572032,µm,Surface,Position Reference Frame,Reference Frame 1,1,175,
17.2803,6.8078,0.612988,µm,Surface,Position Reference Frame,Reference Frame 1,1,176,
22.5009,1.78127,0.61547,µm,Surface,Position Reference Frame,Reference Frame 1,1,177,
18.7494,5.28922,0.550767,µm,Surface,Position Reference Frame,Reference Frame 1,1,178,
15.4588,8.37021,0.551359,µm,Surface,Position Reference Frame,Reference Frame 1,1,179,
23.1116,0.857365,0.654455,µm,Surface,Position Reference Frame,Reference Frame 1,1,180,
17.7554,6.52218,0.558206,µm,Surface,Position Reference Frame,Reference Frame 1,1,181,
20.0343,4.02894,0.570382,µm,Surface,Position Reference Frame,Reference Frame 1,1,182,
14.9197,8.56454,0.61805,µm,Surface,Position Reference Frame,Reference Frame 1,1,184,
18.1508,5.97518,0.502511,µm,Surface,Position Reference Frame,Reference Frame 1,1,185,
21.4337,3.00297,0.632583,µm,Surface,Position Reference Frame,Reference Frame 1,1,186,
20.1572,3.29237,0.550365,µm,Surface,Position Reference Frame,Reference Frame 1,1,187,
19.7128,3.80412,0.613451,µm,Surface,Position Reference Frame,Reference Frame 1,1,188,
22.1273,1.19773,0.633648,µm,Surface,Position Reference Frame,Reference Frame 1,1,189,
22.4803,0.721508,0.607541,µm,Surface,Position Reference Frame,Reference Frame 1,1,190,
19.2723,4.33664,0.566464,µm,Surface,Position Reference Frame,Reference Frame 1,1,192,
19.9156,3.52014,0.531177,µm,Surface,Position Reference Frame,Reference Frame 1,1,193,
22.766,0.223709,0.648282,µm,Surface,Position Reference Frame,Reference Frame 1,1,194,
15.8663,7.27772,0.530504,µm,Surface,Position Reference Frame,Reference Frame 1,1,195,
15.5624,7.83847,0.57036,µm,Surface,Position Reference Frame,Reference Frame 1,1,196,
21.6355,1.63403,0.655782,µm,Surface,Position Reference Frame,Reference Frame 1,1,197,
18.4989,4.84389,0.536946,µm,Surface,Position Reference Frame,Reference Frame 1,1,198,
15.5162,7.28045,0.621845,µm,Surface,Position Reference Frame,Reference Frame 1,1,199,
17.6618,5.85336,0.511979,µm,Surface,Position Reference Frame,Reference Frame 1,1,200,
17.3082,5.74527,0.449581,µm,Surface,Position Reference Frame,Reference Frame 1,1,201,
22.2675,0.367634,0.588282,µm,Surface,Position Reference Frame,Reference Frame 1,1,202,
19.3273,3.65339,0.561347,µm,Surface,Position Reference Frame,Reference Frame 1,1,203,
16.1405,6.9013,0.555247,µm,Surface,Position Reference Frame,Reference Frame 1,1,204,
20.9367,2.44036,0.594208,µm,Surface,Position Reference Frame,Reference Frame 1,1,205,
20.9501,1.72928,0.599029,µm,Surface,Position Reference Frame,Reference Frame 1,1,206,
14.8672,7.77327,0.576669,µm,Surface,Position Reference Frame,Reference Frame 1,1,208,
13.7345,8.58421,0.646241,µm,Surface,Position Reference Frame,Reference Frame 1,1,210,
20.496,2.19487,0.662151,µm,Surface,Position Reference Frame,Reference Frame 1,1,211,
16.5915,6.43884,0.515272,µm,Surface,Position Reference Frame,Reference Frame 1,1,212,
16.8941,5.88607,0.530833,µm,Surface,Position Reference Frame,Reference Frame 1,1,213,
18.8047,3.51142,0.608927,µm,Surface,Position Reference Frame,Reference Frame 1,1,215,
18.4946,3.88504,0.550814,µm,Surface,Position Reference Frame,Reference Frame 1,1,216,
19.6899,3.06772,0.469638,µm,Surface,Position Reference Frame,Reference Frame 1,1,217,
15.3836,6.87492,0.561715,µm,Surface,Position Reference Frame,Reference Frame 1,1,218,
19.3071,2.88789,0.61008,µm,Surface,Position Reference Frame,Reference Frame 1,1,219,
21.4171,0.556816,0.677315,µm,Surface,Position Reference Frame,Reference Frame 1,1,220,
17.5598,4.97551,0.477806,µm,Surface,Position Reference Frame,Reference Frame 1,1,221,
18.1256,4.27102,0.529299,µm,Surface,Position Reference Frame,Reference Frame 1,1,222,
21.5598,0.260052,0.61767,µm,Surface,Position Reference Frame,Reference Frame 1,1,223,
16.2493,5.80428,0.520047,µm,Surface,Position Reference Frame,Reference Frame 1,1,224,
14.0503,8.05746,0.592568,µm,Surface,Position Reference Frame,Reference Frame 1,1,225,
21.0945,1.11302,0.532686,µm,Surface,Position Reference Frame,Reference Frame 1,1,226,
14.4061,7.76699,0.591862,µm,Surface,Position Reference Frame,Reference Frame 1,1,227,
17.6388,4.34473,0.416079,µm,Surface,Position Reference Frame,Reference Frame 1,1,228,
15.7524,6.32048,0.538574,µm,Surface,Position Reference Frame,Reference Frame 1,1,229,
13.0417,8.67687,0.628282,µm,Surface,Position Reference Frame,Reference Frame 1,1,230,
19.0062,3.20053,0.633638,µm,Surface,Position Reference Frame,Reference Frame 1,1,231,
20.3284,1.35664,0.582516,µm,Surface,Position Reference Frame,Reference Frame 1,1,232,
15.3038,6.32135,0.560047,µm,Surface,Position Reference Frame,Reference Frame 1,1,234,
19.4663,2.32212,0.630505,µm,Surface,Position Reference Frame,Reference Frame 1,1,235,
17.0254,5.19106,0.475634,µm,Surface,Position Reference Frame,Reference Frame 1,1,237,
15.7324,5.85894,0.394624,µm,Surface,Position Reference Frame,Reference Frame 1,1,238,
13.7298,7.66313,0.569851,µm,Surface,Position Reference Frame,Reference Frame 1,1,239,
14.6407,7.01811,0.518317,µm,Surface,Position Reference Frame,Reference Frame 1,1,241,
19.9217,1.26723,0.628717,µm,Surface,Position Reference Frame,Reference Frame 1,1,242,
16.3776,5.30666,0.418619,µm,Surface,Position Reference Frame,Reference Frame 1,1,243,
20.6924,0.532368,0.61805,µm,Surface,Position Reference Frame,Reference Frame 1,1,244,
17.6968,3.65722,0.553762,µm,Surface,Position Reference Frame,Reference Frame 1,1,245,
12.788,8.43737,0.639661,µm,Surface,Position Reference Frame,Reference Frame 1,1,246,
17.359,4.04582,0.57231,µm,Surface,Position Reference Frame,Reference Frame 1,1,247,
15.3819,5.7141,0.547183,µm,Surface,Position Reference Frame,Reference Frame 1,1,248,
15.7172,5.42676,0.542457,µm,Surface,Position Reference Frame,Reference Frame 1,1,249,
21.1758,-0.450226,0.695341,µm,Surface,Position Reference Frame,Reference Frame 1,1,250,
20.9662,-0.306282,0.657373,µm,Surface,Position Reference Frame,Reference Frame 1,1,251,
13.3295,7.81211,0.507037,µm,Surface,Position Reference Frame,Reference Frame 1,1,252,
18.1109,3.22289,0.560569,µm,Surface,Position Reference Frame,Reference Frame 1,1,253,
14.9377,6.2773,0.518185,µm,Surface,Position Reference Frame,Reference Frame 1,1,254,
15.1365,5.96908,0.369116,µm,Surface,Position Reference Frame,Reference Frame 1,1,255,
19.1494,1.74746,0.628282,µm,Surface,Position Reference Frame,Reference Frame 1,1,256,
14.075,6.88358,0.552654,µm,Surface,Position Reference Frame,Reference Frame 1,1,257,
14.5384,6.50153,0.517737,µm,Surface,Position Reference Frame,Reference Frame 1,1,258,
17.0072,4.28711,0.507826,µm,Surface,Position Reference Frame,Reference Frame 1,1,259,
7.39576,13.0358,0.639949,µm,Surface,Position Reference Frame,Reference Frame 1,1,260,
16.5057,4.56627,0.518653,µm,Surface,Position Reference Frame,Reference Frame 1,1,261,
18.3422,2.44511,0.523742,µm,Surface,Position Reference Frame,Reference Frame 1,1,262,
20.2964,0.628769,0.544049,µm,Surface,Position Reference Frame,Reference Frame 1,1,263,
15.962,4.90472,0.429689,µm,Surface,Position Reference Frame,Reference Frame 1,1,264,
14.6673,5.94803,0.527747,µm,Surface,Position Reference Frame,Reference Frame 1,1,266,
17.2404,3.37293,0.506524,µm,Surface,Position Reference Frame,Reference Frame 1,1,267,
14.9579,5.62875,0.423019,µm,Surface,Position Reference Frame,Reference Frame 1,1,268,
13.1901,7.35876,0.594614,µm,Surface,Position Reference Frame,Reference Frame 1,1,269,
13.4947,7.09943,0.546331,µm,Surface,Position Reference Frame,Reference Frame 1,1,270,
18.4248,2.0948,0.548986,µm,Surface,Position Reference Frame,Reference Frame 1,1,271,
18.9247,1.40661,0.634329,µm,Surface,Position Reference Frame,Reference Frame 1,1,272,
17.7183,2.79942,0.573123,µm,Surface,Position Reference Frame,Reference Frame 1,1,273,
13.6759,6.6389,0.564843,µm,Surface,Position Reference Frame,Reference Frame 1,1,274,
16.729,3.7401,0.518653,µm,Surface,Position Reference Frame,Reference Frame 1,1,275,
14.2877,6.06529,0.502001,µm,Surface,Position Reference Frame,Reference Frame 1,1,276,
19.6287,0.709743,0.497597,µm,Surface,Position Reference Frame,Reference Frame 1,1,277,
11.5501,8.0807,0.653545,µm,Surface,Position Reference Frame,Reference Frame 1,1,278,
15.2117,5.16815,0.547805,µm,Surface,Position Reference Frame,Reference Frame 1,1,279,
15.4531,4.76786,0.494697,µm,Surface,Position Reference Frame,Reference Frame 1,1,280,
15.8913,4.36724,0.532153,µm,Surface,Position Reference Frame,Reference Frame 1,1,281,
15.9748,4.05337,0.336603,µm,Surface,Position Reference Frame,Reference Frame 1,1,282,
12.675,7.65147,0.424629,µm,Surface,Position Reference Frame,Reference Frame 1,1,283,
16.2887,3.94353,0.514174,µm,Surface,Position Reference Frame,Reference Frame 1,1,284,
14.6032,5.33291,0.525294,µm,Surface,Position Reference Frame,Reference Frame 1,1,285,
18.0933,1.7186,0.535937,µm,Surface,Position Reference Frame,Reference Frame 1,1,286,
14.2445,5.60969,0.484118,µm,Surface,Position Reference Frame,Reference Frame 1,1,287,
17.1776,2.71045,0.495711,µm,Surface,Position Reference Frame,Reference Frame 1,1,288,
17.7005,2.18151,0.524906,µm,Surface,Position Reference Frame,Reference Frame 1,1,289,
18.7818,0.929871,0.517979,µm,Surface,Position Reference Frame,Reference Frame 1,1,290,
16.6167,3.23647,0.577501,µm,Surface,Position Reference Frame,Reference Frame 1,1,291,
13.6699,5.72963,0.547246,µm,Surface,Position Reference Frame,Reference Frame 1,1,292,
14.6623,4.87648,0.565057,µm,Surface,Position Reference Frame,Reference Frame 1,1,293,
18.421,1.4114,0.567045,µm,Surface,Position Reference Frame,Reference Frame 1,1,294,
14.8389,4.6075,0.383282,µm,Surface,Position Reference Frame,Reference Frame 1,1,295,
15.8742,3.51121,0.489587,µm,Surface,Position Reference Frame,Reference Frame 1,1,296,
5.91444,12.9534,0.653545,µm,Surface,Position Reference Frame,Reference Frame 1,1,297,
13.0377,6.27251,0.574443,µm,Surface,Position Reference Frame,Reference Frame 1,1,298,
18.4157,0.704544,0.662798,µm,Surface,Position Reference Frame,Reference Frame 1,1,299,
15.2587,4.15402,0.448977,µm,Surface,Position Reference Frame,Reference Frame 1,1,300,
16.3594,2.8532,0.521386,µm,Surface,Position Reference Frame,Reference Frame 1,1,301,
14.2903,5.00697,0.380404,µm,Surface,Position Reference Frame,Reference Frame 1,1,302,
13.3262,6.03938,0.53916,µm,Surface,Position Reference Frame,Reference Frame 1,1,303,
12.682,6.3534,0.510326,µm,Surface,Position Reference Frame,Reference Frame 1,1,305,
12.4109,7.21295,0.522844,µm,Surface,Position Reference Frame,Reference Frame 1,1,306,
17.0995,1.98023,0.431799,µm,Surface,Position Reference Frame,Reference Frame 1,1,307,
13.8814,5.27941,0.460444,µm,Surface,Position Reference Frame,Reference Frame 1,1,308,
14.3608,4.59267,0.555782,µm,Surface,Position Reference Frame,Reference Frame 1,1,309,
18.8652,0.261364,0.507431,µm,Surface,Position Reference Frame,Reference Frame 1,1,310,
15.3564,3.6205,0.428282,µm,Surface,Position Reference Frame,Reference Frame 1,1,311,
11.7641,7.05733,0.5424,µm,Surface,Position Reference Frame,Reference Frame 1,1,312,
12.2486,6.46318,0.53565,µm,Surface,Position Reference Frame,Reference Frame 1,1,313,
18.4361,0.225479,0.516821,µm,Surface,Position Reference Frame,Reference Frame 1,1,314,
15.7891,2.91834,0.485871,µm,Surface,Position Reference Frame,Reference Frame 1,1,315,
17.944,0.884457,0.531354,µm,Surface,Position Reference Frame,Reference Frame 1,1,316,
12.9872,5.7185,0.496973,µm,Surface,Position Reference Frame,Reference Frame 1,1,317,
13.2486,5.40303,0.550663,µm,Surface,Position Reference Frame,Reference Frame 1,1,318,
14.3229,4.34785,0.390218,µm,Surface,Position Reference Frame,Reference Frame 1,1,319,
16.6869,2.3017,0.558577,µm,Surface,Position Reference Frame,Reference Frame 1,1,320,
2.82876,15.3388,0.574949,µm,Surface,Position Reference Frame,Reference Frame 1,1,321,
17.6143,1.36723,0.494704,µm,Surface,Position Reference Frame,Reference Frame 1,1,322,
11.2346,7.37028,0.559338,µm,Surface,Position Reference Frame,Reference Frame 1,1,323,
13.5677,5.08705,0.333576,µm,Surface,Position Reference Frame,Reference Frame 1,1,324,
14.8487,3.90518,0.478416,µm,Surface,Position Reference Frame,Reference Frame 1,1,325,
13.8993,4.61332,0.536718,µm,Surface,Position Reference Frame,Reference Frame 1,1,326,
18.0463,0.40432,0.522165,µm,Surface,Position Reference Frame,Reference Frame 1,1,327,
16.4191,1.87531,0.583699,µm,Surface,Position Reference Frame,Reference Frame 1,1,328,
15.9747,2.51413,0.419044,µm,Surface,Position Reference Frame,Reference Frame 1,1,329,
17.0674,1.54367,0.559598,µm,Surface,Position Reference Frame,Reference Frame 1,1,330,
14.4375,3.68533,0.450366,µm,Surface,Position Reference Frame,Reference Frame 1,1,331,
11.5543,6.54237,0.452322,µm,Surface,Position Reference Frame,Reference Frame 1,1,332,
17.0541,1.01564,0.583065,µm,Surface,Position Reference Frame,Reference Frame 1,1,335,
15.2333,3.15626,0.489478,µm,Surface,Position Reference Frame,Reference Frame 1,1,336,
13.4218,4.72858,0.506001,µm,Surface,Position Reference Frame,Reference Frame 1,1,337,
14.0798,4.0126,0.431777,µm,Surface,Position Reference Frame,Reference Frame 1,1,338,
10.7029,7.1226,0.563408,µm,Surface,Position Reference Frame,Reference Frame 1,1,340,
12.9228,4.93815,0.399878,µm,Surface,Position Reference Frame,Reference Frame 1,1,342,
15.774,2.06368,0.50625,µm,Surface,Position Reference Frame,Reference Frame 1,1,343,
12.9025,4.59442,0.216439,µm,Surface,Position Reference Frame,Reference Frame 1,1,344,
16.3396,1.17517,0.468517,µm,Surface,Position Reference Frame,Reference Frame 1,1,346,
17.0866,0.239269,0.314516,µm,Surface,Position Reference Frame,Reference Frame 1,1,347,
10.1295,7.04846,0.503282,µm,Surface,Position Reference Frame,Reference Frame 1,1,348,
12.5392,5.49541,0.428282,µm,Surface,Position Reference Frame,Reference Frame 1,1,349,
13.2136,4.33534,0.43817,µm,Surface,Position Reference Frame,Reference Frame 1,1,350,
16.0569,1.63214,0.522452,µm,Surface,Position Reference Frame,Reference Frame 1,1,351,
16.6826,0.744579,0.554581,µm,Surface,Position Reference Frame,Reference Frame 1,1,352,
12.4319,4.94953,0.364532,µm,Surface,Position Reference Frame,Reference Frame 1,1,353,
14.4405,3.1898,0.548282,µm,Surface,Position Reference Frame,Reference Frame 1,1,354,
15.1551,2.55899,0.475259,µm,Surface,Position Reference Frame,Reference Frame 1,1,355,
11.4665,5.95656,0.454045,µm,Surface,Position Reference Frame,Reference Frame 1,1,356,
17.3569,0.066658,0.570676,µm,Surface,Position Reference Frame,Reference Frame 1,1,357,
10.2519,6.87958,0.197405,µm,Surface,Position Reference Frame,Reference Frame 1,1,358,
14.4529,2.44098,0.571089,µm,Surface,Position Reference Frame,Reference Frame 1,1,359,
10.6195,6.66855,0.377773,µm,Surface,Position Reference Frame,Reference Frame 1,1,360,
11.836,5.64727,0.439471,µm,Surface,Position Reference Frame,Reference Frame 1,1,361,
10.9247,6.18786,0.376164,µm,Surface,Position Reference Frame,Reference Frame 1,1,362,
15.5137,1.45825,0.463385,µm,Surface,Position Reference Frame,Reference Frame 1,1,363,
10.2318,6.56917,0.478364,µm,Surface,Position Reference Frame,Reference Frame 1,1,364,
12.9292,4.04013,0.333961,µm,Surface,Position Reference Frame,Reference Frame 1,1,365,
13.614,3.50371,0.503938,µm,Surface,Position Reference Frame,Reference Frame 1,1,366,
16.3888,0.599022,0.367637,µm,Surface,Position Reference Frame,Reference Frame 1,1,367,
1.66024,14.4616,0.548282,µm,Surface,Position Reference Frame,Reference Frame 1,1,369,
15.8697,1.06417,0.434565,µm,Surface,Position Reference Frame,Reference Frame 1,1,370,
9.74323,6.82082,0.514669,µm,Surface,Position Reference Frame,Reference Frame 1,1,371,
17.1258,0.422089,0.523575,µm,Surface,Position Reference Frame,Reference Frame 1,1,372,
11.7254,5.10013,0.253337,µm,Surface,Position Reference Frame,Reference Frame 1,1,374,
12.381,4.4444,0.349306,µm,Surface,Position Reference Frame,Reference Frame 1,1,375,
15.2961,1.0885,0.531415,µm,Surface,Position Reference Frame,Reference Frame 1,1,376,
15.7461,0.653355,0.563036,µm,Surface,Position Reference Frame,Reference Frame 1,1,377,
13.0783,3.03634,0.542622,µm,Surface,Position Reference Frame,Reference Frame 1,1,378,
10.4995,6.00074,0.261414,µm,Surface,Position Reference Frame,Reference Frame 1,1,379,
14.7498,2.03035,0.526999,µm,Surface,Position Reference Frame,Reference Frame 1,1,382,
9.42676,6.60201,0.404065,µm,Surface,Position Reference Frame,Reference Frame 1,1,384,
10.1331,6.23473,0.317513,µm,Surface,Position Reference Frame,Reference Frame 1,1,385,
15.9192,-0.0319061,0.617297,µm,Surface,Position Reference Frame,Reference Frame 1,1,386,
11.0731,5.47692,0.176335,µm,Surface,Position Reference Frame,Reference Frame 1,1,387,
11.8333,4.54875,0.230021,µm,Surface,Position Reference Frame,Reference Frame 1,1,388,
16.0986,0.304581,0.343975,µm,Surface,Position Reference Frame,Reference Frame 1,1,389,
14.407,1.57892,0.349963,µm,Surface,Position Reference Frame,Reference Frame 1,1,390,
10.6413,5.40853,0.453592,µm,Surface,Position Reference Frame,Reference Frame 1,1,391,
15.4407,0.614594,0.341326,µm,Surface,Position Reference Frame,Reference Frame 1,1,392,
10.2034,5.68801,0.327593,µm,Surface,Position Reference Frame,Reference Frame 1,1,393,
14.6351,1.24981,0.394077,µm,Surface,Position Reference Frame,Reference Frame 1,1,394,
6.37489,8.8292,0.6424,µm,Surface,Position Reference Frame,Reference Frame 1,1,396,
13.7895,2.38233,0.498876,µm,Surface,Position Reference Frame,Reference Frame 1,1,397,
10.914,5.00009,0.399114,µm,Surface,Position Reference Frame,Reference Frame 1,1,398,
16.177,-0.411732,0.598282,µm,Surface,Position Reference Frame,Reference Frame 1,1,399,
9.81352,6.01519,0.268282,µm,Surface,Position Reference Frame,Reference Frame 1,1,400,
9.3637,6.31503,0.523701,µm,Surface,Position Reference Frame,Reference Frame 1,1,401,
12.9535,2.69843,0.472641,µm,Surface,Position Reference Frame,Reference Frame 1,1,402,
11.386,4.66302,0.269685,µm,Surface,Position Reference Frame,Reference Frame 1,1,403,
10.3371,5.1728,0.300663,µm,Surface,Position Reference Frame,Reference Frame 1,1,404,
13.8981,1.81292,0.385624,µm,Surface,Position Reference Frame,Reference Frame 1,1,405,
13.3679,1.88159,0.579177,µm,Surface,Position Reference Frame,Reference Frame 1,1,406,
12.0527,4.01832,0.35147,µm,Surface,Position Reference Frame,Reference Frame 1,1,407,
8.80042,6.67707,0.500715,µm,Surface,Position Reference Frame,Reference Frame 1,1,408,
10.5322,4.68785,0.544072,µm,Surface,Position Reference Frame,Reference Frame 1,1,409,
15.7181,-0.290821,0.145352,µm,Surface,Position Reference Frame,Reference Frame 1,1,411,
13.0983,2.19209,0.472333,µm,Surface,Position Reference Frame,Reference Frame 1,1,412,
14.1564,1.18888,0.336161,µm,Surface,Position Reference Frame,Reference Frame 1,1,413,
15.8384,-0.787159,0.579949,µm,Surface,Position Reference Frame,Reference Frame 1,1,414,
14.7969,0.741581,0.406989,µm,Surface,Position Reference Frame,Reference Frame 1,1,416,
15.2056,-0.234501,0.340236,µm,Surface,Position Reference Frame,Reference Frame 1,1,417,
11.9431,3.04395,0.0669637,µm,Surface,Position Reference Frame,Reference Frame 1,1,418,
15.6015,-0.59631,0.633312,µm,Surface,Position Reference Frame,Reference Frame 1,1,419,
11.5197,3.87824,0.390836,µm,Surface,Position Reference Frame,Reference Frame 1,1,420,
15.2655,0.186687,0.361225,µm,Surface,Position Reference Frame,Reference Frame 1,1,421,
9.32034,5.90566,0.190949,µm,Surface,Position Reference Frame,Reference Frame 1,1,422,
-0.146683,14.6841,0.46593,µm,Surface,Position Reference Frame,Reference Frame 1,1,423,
10.9624,4.37487,0.332727,µm,Surface,Position Reference Frame,Reference Frame 1,1,425,
12.2667,2.68424,0.205673,µm,Surface,Position Reference Frame,Reference Frame 1,1,426,
12.4669,3.38605,0.386715,µm,Surface,Position Reference Frame,Reference Frame 1,1,427,
14.3679,0.691425,0.346128,µm,Surface,Position Reference Frame,Reference Frame 1,1,429,
12.5266,2.34285,0.321792,µm,Surface,Position Reference Frame,Reference Frame 1,1,431,
7.49424,6.67627,0.535239,µm,Surface,Position Reference Frame,Reference Frame 1,1,432,
10.6321,4.08406,0.446108,µm,Surface,Position Reference Frame,Reference Frame 1,1,433,
15.2723,-0.617352,0.221659,µm,Surface,Position Reference Frame,Reference Frame 1,1,434,
9.73183,5.41867,0.280174,µm,Surface,Position Reference Frame,Reference Frame 1,1,435,
11.4807,3.3051,0.377632,µm,Surface,Position Reference Frame,Reference Frame 1,1,436,
10.9907,3.62142,0.253357,µm,Surface,Position Reference Frame,Reference Frame 1,1,438,
13.6161,1.17875,0.38045,µm,Surface,Position Reference Frame,Reference Frame 1,1,440,
12.8917,1.53707,0.121176,µm,Surface,Position Reference Frame,Reference Frame 1,1,442,
11.9328,2.65351,0.300471,µm,Surface,Position Reference Frame,Reference Frame 1,1,443,
9.84864,4.96987,0.514479,µm,Surface,Position Reference Frame,Reference Frame 1,1,444,
8.63276,6.21865,0.347585,µm,Surface,Position Reference Frame,Reference Frame 1,1,445,
9.12057,4.8853,0.636356,µm,Surface,Position Reference Frame,Reference Frame 1,1,446,
15.3669,-1.23487,0.515087,µm,Surface,Position Reference Frame,Reference Frame 1,1,447,
14.6596,-0.146709,0.32091,µm,Surface,Position Reference Frame,Reference Frame 1,1,448,
12.5833,1.75974,0.396213,µm,Surface,Position Reference Frame,Reference Frame 1,1,449,
8.74411,5.59988,0.310844,µm,Surface,Position Reference Frame,Reference Frame 1,1,450,
6.00216,7.39704,0.65796,µm,Surface,Position Reference Frame,Reference Frame 1,1,451,
14.0329,0.336334,0.385902,µm,Surface,Position Reference Frame,Reference Frame 1,1,452,
14.9502,-0.774399,0.389561,µm,Surface,Position Reference Frame,Reference Frame 1,1,453,
13.245,0.952637,0.380705,µm,Surface,Position Reference Frame,Reference Frame 1,1,454,
12.1068,1.93431,0.559941,µm,Surface,Position Reference Frame,Reference Frame 1,1,455,
10.9359,3.09614,0.224282,µm,Surface,Position Reference Frame,Reference Frame 1,1,456,
8.31461,5.69151,0.133431,µm,Surface,Position Reference Frame,Reference Frame 1,1,457,
11.2825,2.84832,0.159763,µm,Surface,Position Reference Frame,Reference Frame 1,1,458,
8.0201,6.0453,0.304851,µm,Surface,Position Reference Frame,Reference Frame 1,1,459,
9.34595,4.70679,0.22401,µm,Surface,Position Reference Frame,Reference Frame 1,1,460,
11.3446,2.51212,0.498778,µm,Surface,Position Reference Frame,Reference Frame 1,1,461,
13.478,0.384571,0.535431,µm,Surface,Position Reference Frame,Reference Frame 1,1,462,
9.95933,3.90395,0.347792,µm,Surface,Position Reference Frame,Reference Frame 1,1,463,
13.6302,0.127628,0.0636668,µm,Surface,Position Reference Frame,Reference Frame 1,1,464,
6.80766,6.63361,0.478282,µm,Surface,Position Reference Frame,Reference Frame 1,1,465,
11.9364,2.22483,0.16315,µm,Surface,Position Reference Frame,Reference Frame 1,1,466,
1.84537,11.5816,0.589841,µm,Surface,Position Reference Frame,Reference Frame 1,1,467,
11.5414,2.168,0.393838,µm,Surface,Position Reference Frame,Reference Frame 1,1,468,
14.4236,-0.602898,0.406957,µm,Surface,Position Reference Frame,Reference Frame 1,1,469,
7.40694,6.31377,0.304804,µm,Surface,Position Reference Frame,Reference Frame 1,1,470,
9.74514,4.38235,0.261043,µm,Surface,Position Reference Frame,Reference Frame 1,1,471,
8.45178,5.18175,0.208449,µm,Surface,Position Reference Frame,Reference Frame 1,1,472,
8.89989,5.04862,0.191476,µm,Surface,Position Reference Frame,Reference Frame 1,1,473,
14.3654,-0.873425,0.0570905,µm,Surface,Position Reference Frame,Reference Frame 1,1,474,
12.784,0.977116,0.426035,µm,Surface,Position Reference Frame,Reference Frame 1,1,475,
3.29422,9.79621,0.574369,µm,Surface,Position Reference Frame,Reference Frame 1,1,476,
10.2658,3.62465,0.251836,µm,Surface,Position Reference Frame,Reference Frame 1,1,477,
7.85725,5.55694,0.423048,µm,Surface,Position Reference Frame,Reference Frame 1,1,480,
2.96898,10.043,0.580141,µm,Surface,Position Reference Frame,Reference Frame 1,1,482,
1.04689,11.9792,0.616637,µm,Surface,Position Reference Frame,Reference Frame 1,1,483,
14.6111,-1.21015,0.318742,µm,Surface,Position Reference Frame,Reference Frame 1,1,484,
13.9392,-0.280323,0.34059,µm,Surface,Position Reference Frame,Reference Frame 1,1,486,
12.4321,0.995586,0.434592,µm,Surface,Position Reference Frame,Reference Frame 1,1,487,
10.6126,2.70482,0.14606,µm,Surface,Position Reference Frame,Reference Frame 1,1,488,
14.8875,-1.73193,0.497623,µm,Surface,Position Reference Frame,Reference Frame 1,1,489,
9.0997,4.09022,0.168412,µm,Surface,Position Reference Frame,Reference Frame 1,1,490,
6.76751,6.34333,0.521417,µm,Surface,Position Reference Frame,Reference Frame 1,1,491,
13.7056,-0.551399,0.291517,µm,Surface,Position Reference Frame,Reference Frame 1,1,492,
10.9782,2.25108,0.140147,µm,Surface,Position Reference Frame,Reference Frame 1,1,493,
9.48108,3.76451,0.358175,µm,Surface,Position Reference Frame,Reference Frame 1,1,494,
13.8383,-0.781891,0.0351932,µm,Surface,Position Reference Frame,Reference Frame 1,1,495,
11.951,1.51031,0.136621,µm,Surface,Position Reference Frame,Reference Frame 1,1,496,
14.7319,-2.1156,0.456147,µm,Surface,Position Reference Frame,Reference Frame 1,1,497,
13.2757,-0.340679,0.304338,µm,Surface,Position Reference Frame,Reference Frame 1,1,498,
10.2212,3.22412,0.232736,µm,Surface,Position Reference Frame,Reference Frame 1,1,499,
8.6295,4.40768,0.208837,µm,Surface,Position Reference Frame,Reference Frame 1,1,500,
6.04919,6.52361,0.570696,µm,Surface,Position Reference Frame,Reference Frame 1,1,501,
2.39698,10.115,0.555759,µm,Surface,Position Reference Frame,Reference Frame 1,1,502,
8.33601,4.70045,0.277606,µm,Surface,Position Reference Frame,Reference Frame 1,1,503,
1.02282,11.4286,0.600282,µm,Surface,Position Reference Frame,Reference Frame 1,1,504,
9.96306,2.81191,0.364412,µm,Surface,Position Reference Frame,Reference Frame 1,1,505,
7.48921,5.73006,0.30434,µm,Surface,Position Reference Frame,Reference Frame 1,1,506,
13.9826,-1.56641,0.545297,µm,Surface,Position Reference Frame,Reference Frame 1,1,509,
12.9143,0.356247,0.203118,µm,Surface,Position Reference Frame,Reference Frame 1,1,510,
10.1884,2.51265,0.318212,µm,Surface,Position Reference Frame,Reference Frame 1,1,511,
0.40329,11.7014,0.612798,µm,Surface,Position Reference Frame,Reference Frame 1,1,512,
7.80518,5.20906,0.177912,µm,Surface,Position Reference Frame,Reference Frame 1,1,514,
11.9096,0.948891,0.453828,µm,Surface,Position Reference Frame,Reference Frame 1,1,515,
7.03727,5.83204,0.284731,µm,Surface,Position Reference Frame,Reference Frame 1,1,516,
4.0648,8.1703,0.54622,µm,Surface,Position Reference Frame,Reference Frame 1,1,517,
8.74657,3.86272,0.239854,µm,Surface,Position Reference Frame,Reference Frame 1,1,518,
5.66156,6.74604,0.450873,µm,Surface,Position Reference Frame,Reference Frame 1,1,519,
3.82275,8.58871,0.448823,µm,Surface,Position Reference Frame,Reference Frame 1,1,520,
14.548,-2.44079,0.59643,µm,Surface,Position Reference Frame,Reference Frame 1,1,521,
12.6163,0.00879669,0.492486,µm,Surface,Position Reference Frame,Reference Frame 1,1,522,
10.4556,2.26529,0.305596,µm,Surface,Position Reference Frame,Reference Frame 1,1,523,
-2.63783,14.612,0.616367,µm,Surface,Position Reference Frame,Reference Frame 1,1,524,
3.49964,8.95216,0.489308,µm,Surface,Position Reference Frame,Reference Frame 1,1,525,
10.8962,1.88301,0.285336,µm,Surface,Position Reference Frame,Reference Frame 1,1,526,
13.9198,-1.18553,0.217041,µm,Surface,Position Reference Frame,Reference Frame 1,1,527,
11.1013,1.52415,0.30097,µm,Surface,Position Reference Frame,Reference Frame 1,1,528,
1.30553,10.8263,0.591258,µm,Surface,Position Reference Frame,Reference Frame 1,1,529,
13.3342,-0.902882,0.498849,µm,Surface,Position Reference Frame,Reference Frame 1,1,530,
9.22586,3.39665,0.396027,µm,Surface,Position Reference Frame,Reference Frame 1,1,532,
12.2034,0.539406,0.182263,µm,Surface,Position Reference Frame,Reference Frame 1,1,533,
13.0282,-0.737202,-0.0259509,µm,Surface,Position Reference Frame,Reference Frame 1,1,537,
11.406,1.1263,0.141586,µm,Surface,Position Reference Frame,Reference Frame 1,1,538,
6.50569,5.94435,0.150232,µm,Surface,Position Reference Frame,Reference Frame 1,1,542,
7.66864,4.7831,0.115885,µm,Surface,Position Reference Frame,Reference Frame 1,1,543,
8.25932,4.06862,0.0949116,µm,Surface,Position Reference Frame,Reference Frame 1,1,545,
7.94222,4.36823,0.320752,µm,Surface,Position Reference Frame,Reference Frame 1,1,546,
5.93684,6.16732,0.242898,µm,Surface,Position Reference Frame,Reference Frame 1,1,547,
11.3372,0.778736,0.545298,µm,Surface,Position Reference Frame,Reference Frame 1,1,548,
10.7499,1.33036,0.364667,µm,Surface,Position Reference Frame,Reference Frame 1,1,549,
12.7235,-0.297337,0.26067,µm,Surface,Position Reference Frame,Reference Frame 1,1,550,
7.1669,5.11275,0.203077,µm,Surface,Position Reference Frame,Reference Frame 1,1,551,
2.26825,9.65701,0.544461,µm,Surface,Position Reference Frame,Reference Frame 1,1,552,
6.46686,5.47202,0.38007,µm,Surface,Position Reference Frame,Reference Frame 1,1,553,
9.91682,2.11077,0.324208,µm,Surface,Position Reference Frame,Reference Frame 1,1,554,
14.2701,-1.82763,0.191938,µm,Surface,Position Reference Frame,Reference Frame 1,1,555,
9.52175,2.79829,0.184519,µm,Surface,Position Reference Frame,Reference Frame 1,1,556,
3.44755,8.21873,0.590143,µm,Surface,Position Reference Frame,Reference Frame 1,1,557,
12.6252,-0.752758,0.164118,µm,Surface,Position Reference Frame,Reference Frame 1,1,558,
11.5732,0.459705,0.141816,µm,Surface,Position Reference Frame,Reference Frame 1,1,559,
4.14747,7.5968,0.374737,µm,Surface,Position Reference Frame,Reference Frame 1,1,560,
1.44778,10.3961,0.581009,µm,Surface,Position Reference Frame,Reference Frame 1,1,561,
13.6025,-1.73483,0.438344,µm,Surface,Position Reference Frame,Reference Frame 1,1,562,
0.155659,10.9107,0.548282,µm,Surface,Position Reference Frame,Reference Frame 1,1,563,
8.20021,3.69437,0.0877266,µm,Surface,Position Reference Frame,Reference Frame 1,1,564,
11.9735,-0.028862,0.292981,µm,Surface,Position Reference Frame,Reference Frame 1,1,565,
7.4661,4.3546,0.279891,µm,Surface,Position Reference Frame,Reference Frame 1,1,566,
8.70253,3.35483,0.261836,µm,Surface,Position Reference Frame,Reference Frame 1,1,567,
10.2651,1.46298,0.190684,µm,Surface,Position Reference Frame,Reference Frame 1,1,568,
5.39111,6.40371,0.225648,µm,Surface,Position Reference Frame,Reference Frame 1,1,569,
13.9565,-2.31776,0.548283,µm,Surface,Position Reference Frame,Reference Frame 1,1,570,
12.1966,-0.601051,0.206733,µm,Surface,Position Reference Frame,Reference Frame 1,1,571,
3.45785,7.87592,0.0158684,µm,Surface,Position Reference Frame,Reference Frame 1,1,573,
10.8021,0.871624,0.177325,µm,Surface,Position Reference Frame,Reference Frame 1,1,575,
13.7882,-2.56099,0.405425,µm,Surface,Position Reference Frame,Reference Frame 1,1,576,
3.14082,8.35545,0.211245,µm,Surface,Position Reference Frame,Reference Frame 1,1,577,
4.82005,6.67149,-0.0815217,µm,Surface,Position Reference Frame,Reference Frame 1,1,578,
5.95099,5.60129,0.242942,µm,Surface,Position Reference Frame,Reference Frame 1,1,579,
11.033,0.395458,0.27806,µm,Surface,Position Reference Frame,Reference Frame 1,1,580,
13.2271,-1.67941,0.0179791,µm,Surface,Position Reference Frame,Reference Frame 1,1,581,
4.73107,7.09493,0.393789,µm,Surface,Position Reference Frame,Reference Frame 1,1,582,
2.13345,9.141,0.446302,µm,Surface,Position Reference Frame,Reference Frame 1,1,584,
11.768,-0.421547,0.123649,µm,Surface,Position Reference Frame,Reference Frame 1,1,585,
6.42318,5.17933,0.148555,µm,Surface,Position Reference Frame,Reference Frame 1,1,586,
7.54615,3.96293,-0.135383,µm,Surface,Position Reference Frame,Reference Frame 1,1,587,
8.87876,2.70722,0.218439,µm,Surface,Position Reference Frame,Reference Frame 1,1,588,
3.923,7.25961,0.256371,µm,Surface,Position Reference Frame,Reference Frame 1,1,589,
9.81545,1.38296,0.3023,µm,Surface,Position Reference Frame,Reference Frame 1,1,590,
9.70024,2.0352,0.274276,µm,Surface,Position Reference Frame,Reference Frame 1,1,591,
3.15953,7.8596,0.538553,µm,Surface,Position Reference Frame,Reference Frame 1,1,593,
2.51852,8.63431,0.473382,µm,Surface,Position Reference Frame,Reference Frame 1,1,594,
4.89147,6.30237,0.206297,µm,Surface,Position Reference Frame,Reference Frame 1,1,595,
5.50245,5.79032,0.225929,µm,Surface,Position Reference Frame,Reference Frame 1,1,597,
3.67955,7.61419,0.249369,µm,Surface,Position Reference Frame,Reference Frame 1,1,599,
13.1089,-2.01317,0.506671,µm,Surface,Position Reference Frame,Reference Frame 1,1,600,
7.84113,3.59036,0.478436,µm,Surface,Position Reference Frame,Reference Frame 1,1,602,
4.13625,6.76212,0.562268,µm,Surface,Position Reference Frame,Reference Frame 1,1,603,
7.82931,3.16214,0.389605,µm,Surface,Position Reference Frame,Reference Frame 1,1,604,
5.11935,6.00743,0.035661,µm,Surface,Position Reference Frame,Reference Frame 1,1,605,
10.6257,0.465172,0.438113,µm,Surface,Position Reference Frame,Reference Frame 1,1,606,
1.71016,9.01729,0.553477,µm,Surface,Position Reference Frame,Reference Frame 1,1,607,
9.24213,1.78056,0.20079,µm,Surface,Position Reference Frame,Reference Frame 1,1,608,
12.7731,-1.37122,0.218424,µm,Surface,Position Reference Frame,Reference Frame 1,1,609,
6.70758,4.44421,0.0849986,µm,Surface,Position Reference Frame,Reference Frame 1,1,610,
6.56615,4.76449,0.415625,µm,Surface,Position Reference Frame,Reference Frame 1,1,611,
5.65665,5.19379,0.328984,µm,Surface,Position Reference Frame,Reference Frame 1,1,612,
1.24108,9.21878,0.553838,µm,Surface,Position Reference Frame,Reference Frame 1,1,613,
13.3551,-2.45218,0.424892,µm,Surface,Position Reference Frame,Reference Frame 1,1,614,
13.7087,-2.86778,0.513157,µm,Surface,Position Reference Frame,Reference Frame 1,1,615,
7.21883,3.93604,0.459587,µm,Surface,Position Reference Frame,Reference Frame 1,1,616,
11.1644,0.0562897,0.298444,µm,Surface,Position Reference Frame,Reference Frame 1,1,618,
12.2578,-1.1756,0.380715,µm,Surface,Position Reference Frame,Reference Frame 1,1,619,
2.72829,8.14613,0.516628,µm,Surface,Position Reference Frame,Reference Frame 1,1,620,
4.41921,6.40084,0.250441,µm,Surface,Position Reference Frame,Reference Frame 1,1,621,
8.83067,2.14035,0.227059,µm,Surface,Position Reference Frame,Reference Frame 1,1,622,
6.97724,4.27674,-0.0224009,µm,Surface,Position Reference Frame,Reference Frame 1,1,623,
12.8314,-2.2625,0.158038,µm,Surface,Position Reference Frame,Reference Frame 1,1,624,
7.26998,3.59879,-0.231789,µm,Surface,Position Reference Frame,Reference Frame 1,1,625,
11.4376,-0.805126,0.425381,µm,Surface,Position Reference Frame,Reference Frame 1,1,626,
6.53302,4.06563,0.616333,µm,Surface,Position Reference Frame,Reference Frame 1,1,627,
5.86161,4.9202,0.0175679,µm,Surface,Position Reference Frame,Reference Frame 1,1,628,
10.0906,0.913857,0.31046,µm,Surface,Position Reference Frame,Reference Frame 1,1,629,
5.05102,5.65934,0.374665,µm,Surface,Position Reference Frame,Reference Frame 1,1,631,
8.11209,2.92091,0.198356,µm,Surface,Position Reference Frame,Reference Frame 1,1,632,
12.9649,-2.48194,0.369859,µm,Surface,Position Reference Frame,Reference Frame 1,1,635,
1.82103,8.55134,0.480358,µm,Surface,Position Reference Frame,Reference Frame 1,1,636,
4.54002,5.9634,0.211697,µm,Surface,Position Reference Frame,Reference Frame 1,1,637,
11.222,-0.360844,0.092001,µm,Surface,Position Reference Frame,Reference Frame 1,1,638,
9.25694,1.40842,-0.0120907,µm,Surface,Position Reference Frame,Reference Frame 1,1,640,
2.20063,8.26983,0.384282,µm,Surface,Position Reference Frame,Reference Frame 1,1,641,
5.28893,5.24337,0.173362,µm,Surface,Position Reference Frame,Reference Frame 1,1,642,
8.19218,2.51499,0.142274,µm,Surface,Position Reference Frame,Reference Frame 1,1,643,
1.25334,8.87697,0.423102,µm,Surface,Position Reference Frame,Reference Frame 1,1,644,
9.51969,0.976345,0.318848,µm,Surface,Position Reference Frame,Reference Frame 1,1,645,
7.48902,3.06096,0.342906,µm,Surface,Position Reference Frame,Reference Frame 1,1,646,
6.14807,4.50929,0.17531,µm,Surface,Position Reference Frame,Reference Frame 1,1,648,
11.0214,-0.736885,0.383226,µm,Surface,Position Reference Frame,Reference Frame 1,1,649,
3.64175,6.89603,0.405173,µm,Surface,Position Reference Frame,Reference Frame 1,1,650,
8.3737,2.13093,0.321212,µm,Surface,Position Reference Frame,Reference Frame 1,1,651,
7.76506,2.18062,0.652392,µm,Surface,Position Reference Frame,Reference Frame 1,1,652,
6.09534,3.92767,0.094949,µm,Surface,Position Reference Frame,Reference Frame 1,1,653,
11.7992,-1.05606,0.20219,µm,Surface,Position Reference Frame,Reference Frame 1,1,654,
12.4184,-1.96217,0.302656,µm,Surface,Position Reference Frame,Reference Frame 1,1,655,
8.80424,1.40379,0.588862,µm,Surface,Position Reference Frame,Reference Frame 1,1,656,
0.166637,9.51958,0.583838,µm,Surface,Position Reference Frame,Reference Frame 1,1,657,
13.0789,-3.00181,0.534855,µm,Surface,Position Reference Frame,Reference Frame 1,1,658,
6.74319,3.43933,0.504614,µm,Surface,Position Reference Frame,Reference Frame 1,1,659,
6.16748,4.08917,-0.188044,µm,Surface,Position Reference Frame,Reference Frame 1,1,660,
8.62751,1.64777,-0.0251806,µm,Surface,Position Reference Frame,Reference Frame 1,1,661,
10.1538,0.303795,0.300742,µm,Surface,Position Reference Frame,Reference Frame 1,1,662,
3.09457,7.37463,0.314122,µm,Surface,Position Reference Frame,Reference Frame 1,1,663,
10.4942,-0.176968,0.184949,µm,Surface,Position Reference Frame,Reference Frame 1,1,664,
9.19382,0.970127,0.00493765,µm,Surface,Position Reference Frame,Reference Frame 1,1,665,
7.13562,3.23688,-0.0299866,µm,Surface,Position Reference Frame,Reference Frame 1,1,667,
6.0222,3.77396,0.493638,µm,Surface,Position Reference Frame,Reference Frame 1,1,668,
6.51923,3.67334,0.192988,µm,Surface,Position Reference Frame,Reference Frame 1,1,669,
5.45073,4.71405,0.0145924,µm,Surface,Position Reference Frame,Reference Frame 1,1,670,
7.75367,2.23411,-0.344171,µm,Surface,Position Reference Frame,Reference Frame 1,1,671,
9.59926,0.383747,0.13039,µm,Surface,Position Reference Frame,Reference Frame 1,1,672,
5.49977,4.22993,0.572673,µm,Surface,Position Reference Frame,Reference Frame 1,1,673,
11.5562,-2.15771,0.68612,µm,Surface,Position Reference Frame,Reference Frame 1,1,674,
2.41222,7.60908,0.311224,µm,Surface,Position Reference Frame,Reference Frame 1,1,675,
-0.435524,9.72334,0.627527,µm,Surface,Position Reference Frame,Reference Frame 1,1,677,
6.25755,3.60426,-0.40539,µm,Surface,Position Reference Frame,Reference Frame 1,1,678,
7.43069,2.50321,0.0516577,µm,Surface,Position Reference Frame,Reference Frame 1,1,679,
3.06789,6.87923,0.249487,µm,Surface,Position Reference Frame,Reference Frame 1,1,680,
13.3402,-3.51014,0.518024,µm,Surface,Position Reference Frame,Reference Frame 1,1,681,
4.16961,5.78427,-0.0424283,µm,Surface,Position Reference Frame,Reference Frame 1,1,682,
2.60604,7.13333,0.317339,µm,Surface,Position Reference Frame,Reference Frame 1,1,683,
0.719109,9.27114,0.555546,µm,Surface,Position Reference Frame,Reference Frame 1,1,685,
5.70817,4.2196,-0.126718,µm,Surface,Position Reference Frame,Reference Frame 1,1,687,
11.2155,-1.46812,0.501027,µm,Surface,Position Reference Frame,Reference Frame 1,1,688,
10.9547,-1.21024,0.135711,µm,Surface,Position Reference Frame,Reference Frame 1,1,689,
9.55781,0.0234528,0.57619,µm,Surface,Position Reference Frame,Reference Frame 1,1,691,
3.81189,5.97683,0.207838,µm,Surface,Position Reference Frame,Reference Frame 1,1,692,
12.1925,-2.42601,0.391683,µm,Surface,Position Reference Frame,Reference Frame 1,1,694,
6.87713,2.92627,0.222447,µm,Surface,Position Reference Frame,Reference Frame 1,1,695,
8.12317,1.7331,0.206532,µm,Surface,Position Reference Frame,Reference Frame 1,1,696,
1.36112,8.26297,0.388392,µm,Surface,Position Reference Frame,Reference Frame 1,1,697,
8.33351,1.15989,0.403109,µm,Surface,Position Reference Frame,Reference Frame 1,1,698,
11.7599,-1.81247,0.292952,µm,Surface,Position Reference Frame,Reference Frame 1,1,699,
4.96518,4.8554,0.136877,µm,Surface,Position Reference Frame,Reference Frame 1,1,700,
6.73295,2.48431,0.682976,µm,Surface,Position Reference Frame,Reference Frame 1,1,701,
4.60184,5.40571,0.148063,µm,Surface,Position Reference Frame,Reference Frame 1,1,702,
0.657051,8.76812,0.445252,µm,Surface,Position Reference Frame,Reference Frame 1,1,703,
1.81535,7.89123,0.395439,µm,Surface,Position Reference Frame,Reference Frame 1,1,704,
7.23957,2.08678,0.593565,µm,Surface,Position Reference Frame,Reference Frame 1,1,705,
9.10967,0.466351,0.254029,µm,Surface,Position Reference Frame,Reference Frame 1,1,706,
3.03544,6.55969,0.097012,µm,Surface,Position Reference Frame,Reference Frame 1,1,707,
12.8741,-3.60954,0.115425,µm,Surface,Position Reference Frame,Reference Frame 1,1,708,
10.6241,-1.0607,0.261933,µm,Surface,Position Reference Frame,Reference Frame 1,1,709,
0.987221,8.46103,0.402878,µm,Surface,Position Reference Frame,Reference Frame 1,1,710,
3.6401,6.3162,0.2912,µm,Surface,Position Reference Frame,Reference Frame 1,1,711,
6.95034,2.45026,-0.120949,µm,Surface,Position Reference Frame,Reference Frame 1,1,712,
7.96216,1.29257,-0.198776,µm,Surface,Position Reference Frame,Reference Frame 1,1,714,
8.70729,0.876419,0.305097,µm,Surface,Position Reference Frame,Reference Frame 1,1,717,
4.09682,5.25211,0.481292,µm,Surface,Position Reference Frame,Reference Frame 1,1,718,
10.3275,-0.737301,0.424271,µm,Surface,Position Reference Frame,Reference Frame 1,1,720,
9.23289,-0.0877533,0.130468,µm,Surface,Position Reference Frame,Reference Frame 1,1,721,
13.2868,-4.15174,0.434293,µm,Surface,Position Reference Frame,Reference Frame 1,1,722,
12.4764,-2.93268,0.418737,µm,Surface,Position Reference Frame,Reference Frame 1,1,723,
10.7483,-1.74174,0.394975,µm,Surface,Position Reference Frame,Reference Frame 1,1,724,
10.3545,-1.33734,0.186776,µm,Surface,Position Reference Frame,Reference Frame 1,1,725,
4.87836,4.41876,-0.194184,µm,Surface,Position Reference Frame,Reference Frame 1,1,726,
8.68201,0.397732,0.390258,µm,Surface,Position Reference Frame,Reference Frame 1,1,727,
2.09985,7.05773,0.364908,µm,Surface,Position Reference Frame,Reference Frame 1,1,728,
5.48779,3.76397,0.328471,µm,Surface,Position Reference Frame,Reference Frame 1,1,729,
11.1203,-2.02393,0.39748,µm,Surface,Position Reference Frame,Reference Frame 1,1,730,
5.13289,4.07036,-0.39861,µm,Surface,Position Reference Frame,Reference Frame 1,1,731,
6.62353,2.1727,0.485987,µm,Surface,Position Reference Frame,Reference Frame 1,1,732,
-0.34304,9.15001,0.516464,µm,Surface,Position Reference Frame,Reference Frame 1,1,733,
-0.811718,9.43084,0.478403,µm,Surface,Position Reference Frame,Reference Frame 1,1,734,
4.99223,3.63291,0.490421,µm,Surface,Position Reference Frame,Reference Frame 1,1,735,
10.9174,-2.26192,0.259876,µm,Surface,Position Reference Frame,Reference Frame 1,1,736,
2.9543,6.08097,0.152498,µm,Surface,Position Reference Frame,Reference Frame 1,1,737,
7.77559,1.08619,0.450114,µm,Surface,Position Reference Frame,Reference Frame 1,1,738,
7.61766,1.62951,0.185249,µm,Surface,Position Reference Frame,Reference Frame 1,1,739,
9.77994,-0.415981,0.110808,µm,Surface,Position Reference Frame,Reference Frame 1,1,740,
13.1298,-4.49878,0.424144,µm,Surface,Position Reference Frame,Reference Frame 1,1,741,
4.45491,4.38491,0.311027,µm,Surface,Position Reference Frame,Reference Frame 1,1,742,
8.11793,0.791485,-0.175026,µm,Surface,Position Reference Frame,Reference Frame 1,1,743,
5.89914,3.32565,-0.139275,µm,Surface,Position Reference Frame,Reference Frame 1,1,744,
12.5586,-3.87994,0.521854,µm,Surface,Position Reference Frame,Reference Frame 1,1,745,
-5.53476,13.4711,0.648282,µm,Surface,Position Reference Frame,Reference Frame 1,1,746,
4.22172,4.47174,-0.43213,µm,Surface,Position Reference Frame,Reference Frame 1,1,747,
11.5153,-2.86768,0.358747,µm,Surface,Position Reference Frame,Reference Frame 1,1,748,
12.3334,-3.36573,0.331139,µm,Surface,Position Reference Frame,Reference Frame 1,1,749,
5.93994,2.69248,-0.580453,µm,Surface,Position Reference Frame,Reference Frame 1,1,751,
6.27741,2.88948,0.122184,µm,Surface,Position Reference Frame,Reference Frame 1,1,753,
3.74915,4.67858,0.564662,µm,Surface,Position Reference Frame,Reference Frame 1,1,754,
3.07351,5.64447,0.354046,µm,Surface,Position Reference Frame,Reference Frame 1,1,755,
12.6935,-4.31801,0.371412,µm,Surface,Position Reference Frame,Reference Frame 1,1,756,
8.75724,-0.34409,-0.036011,µm,Surface,Position Reference Frame,Reference Frame 1,1,757,
7.84177,0.629784,0.497876,µm,Surface,Position Reference Frame,Reference Frame 1,1,758,
3.25715,5.28397,0.516227,µm,Surface,Position Reference Frame,Reference Frame 1,1,759,
4.22366,4.77808,0.197799,µm,Surface,Position Reference Frame,Reference Frame 1,1,760,
4.92476,3.66351,-0.471647,µm,Surface,Position Reference Frame,Reference Frame 1,1,761,
2.37958,6.56733,0.217474,µm,Surface,Position Reference Frame,Reference Frame 1,1,762,
4.76209,4.05804,0.247226,µm,Surface,Position Reference Frame,Reference Frame 1,1,763,
9.17881,-0.530308,0.345004,µm,Surface,Position Reference Frame,Reference Frame 1,1,764,
11.9777,-3.60215,0.35347,µm,Surface,Position Reference Frame,Reference Frame 1,1,765,
9.51898,-1.06163,0.216669,µm,Surface,Position Reference Frame,Reference Frame 1,1,766,
1.00812,7.57759,0.475952,µm,Surface,Position Reference Frame,Reference Frame 1,1,767,
2.85356,5.07254,0.572235,µm,Surface,Position Reference Frame,Reference Frame 1,1,768,
7.20681,1.35547,0.198608,µm,Surface,Position Reference Frame,Reference Frame 1,1,769,
4.31003,3.89978,0.480441,µm,Surface,Position Reference Frame,Reference Frame 1,1,770,
9.8722,-1.36834,0.0496469,µm,Surface,Position Reference Frame,Reference Frame 1,1,771,
10.4961,-2.16911,0.338657,µm,Surface,Position Reference Frame,Reference Frame 1,1,772,
8.53048,0.133125,0.270111,µm,Surface,Position Reference Frame,Reference Frame 1,1,773,
13.0586,-4.96951,0.527874,µm,Surface,Position Reference Frame,Reference Frame 1,1,774,
3.616,5.21817,0.150112,µm,Surface,Position Reference Frame,Reference Frame 1,1,775,
-0.742771,8.93995,0.547442,µm,Surface,Position Reference Frame,Reference Frame 1,1,776,
6.34689,2.32117,-0.172538,µm,Surface,Position Reference Frame,Reference Frame 1,1,777,
1.52757,7.00413,0.382149,µm,Surface,Position Reference Frame,Reference Frame 1,1,778,
6.91207,1.8256,-0.0465953,µm,Surface,Position Reference Frame,Reference Frame 1,1,779,
10.8918,-2.75954,0.385975,µm,Surface,Position Reference Frame,Reference Frame 1,1,780,
-1.41831,9.22139,0.577828,µm,Surface,Position Reference Frame,Reference Frame 1,1,781,
2.31636,6.05029,0.284465,µm,Surface,Position Reference Frame,Reference Frame 1,1,782,
2.02711,6.33808,0.0789323,µm,Surface,Position Reference Frame,Reference Frame 1,1,783,
6.38992,1.90465,0.204096,µm,Surface,Position Reference Frame,Reference Frame 1,1,784,
-0.047493,8.44142,0.487744,µm,Surface,Position Reference Frame,Reference Frame 1,1,785,
5.05767,3.14436,-0.556781,µm,Surface,Position Reference Frame,Reference Frame 1,1,786,
1.80394,6.15626,0.622859,µm,Surface,Position Reference Frame,Reference Frame 1,1,787,
13.186,-5.33465,0.545297,µm,Surface,Position Reference Frame,Reference Frame 1,1,788,
6.68689,1.45566,-0.522811,µm,Surface,Position Reference Frame,Reference Frame 1,1,789,
5.46035,2.8323,-0.587156,µm,Surface,Position Reference Frame,Reference Frame 1,1,790,
10.9333,-3.10744,0.514181,µm,Surface,Position Reference Frame,Reference Frame 1,1,791,
10.1407,-1.80022,0.297152,µm,Surface,Position Reference Frame,Reference Frame 1,1,792,
3.68711,4.42392,-0.392743,µm,Surface,Position Reference Frame,Reference Frame 1,1,793,
5.6779,2.52217,0.466085,µm,Surface,Position Reference Frame,Reference Frame 1,1,794,
11.4395,-3.30862,0.495361,µm,Surface,Position Reference Frame,Reference Frame 1,1,795,
1.41862,6.53688,0.252573,µm,Surface,Position Reference Frame,Reference Frame 1,1,796,
11.5763,-3.77145,0.395425,µm,Surface,Position Reference Frame,Reference Frame 1,1,797,
2.89569,5.24641,-0.248309,µm,Surface,Position Reference Frame,Reference Frame 1,1,798,
4.62584,3.28191,0.42752,µm,Surface,Position Reference Frame,Reference Frame 1,1,800,
12.4759,-4.81049,0.444081,µm,Surface,Position Reference Frame,Reference Frame 1,1,801,
5.84576,1.90354,0.463583,µm,Surface,Position Reference Frame,Reference Frame 1,1,802,
3.82656,3.92832,0.473864,µm,Surface,Position Reference Frame,Reference Frame 1,1,803,
5.28204,3.09248,0.297797,µm,Surface,Position Reference Frame,Reference Frame 1,1,804,
7.06257,0.414982,0.807542,µm,Surface,Position Reference Frame,Reference Frame 1,1,805,
4.40786,3.54102,-0.509857,µm,Surface,Position Reference Frame,Reference Frame 1,1,806,
7.44149,0.583843,0.0563633,µm,Surface,Position Reference Frame,Reference Frame 1,1,807,
2.5241,5.64835,0.204127,µm,Surface,Position Reference Frame,Reference Frame 1,1,809,
9.86689,-2.25274,0.607313,µm,Surface,Position Reference Frame,Reference Frame 1,1,810,
13.3326,-6.06079,0.639711,µm,Surface,Position Reference Frame,Reference Frame 1,1,812,
2.88767,4.68908,0.360701,µm,Surface,Position Reference Frame,Reference Frame 1,1,813,
8.49739,-0.624157,0.194005,µm,Surface,Position Reference Frame,Reference Frame 1,1,814,
3.42367,4.27611,0.406442,µm,Surface,Position Reference Frame,Reference Frame 1,1,816,
12.5702,-5.25316,0.60972,µm,Surface,Position Reference Frame,Reference Frame 1,1,817,
12.0562,-4.31136,0.4427,µm,Surface,Position Reference Frame,Reference Frame 1,1,818,
8.04643,-0.170567,0.331915,µm,Surface,Position Reference Frame,Reference Frame 1,1,819,
0.479362,7.05768,0.399979,µm,Surface,Position Reference Frame,Reference Frame 1,1,820,
10.6521,-3.34667,0.286213,µm,Surface,Position Reference Frame,Reference Frame 1,1,821,
7.72442,0.119694,0.0699773,µm,Surface,Position Reference Frame,Reference Frame 1,1,822,
2.38858,5.04779,0.517612,µm,Surface,Position Reference Frame,Reference Frame 1,1,823,
4.61171,2.76046,0.365953,µm,Surface,Position Reference Frame,Reference Frame 1,1,824,
10.1363,-2.55597,0.277314,µm,Surface,Position Reference Frame,Reference Frame 1,1,825,
7.05366,0.640091,-0.151448,µm,Surface,Position Reference Frame,Reference Frame 1,1,826,
10.1445,-2.94024,0.53144,µm,Surface,Position Reference Frame,Reference Frame 1,1,827,
1.06794,6.28029,0.306667,µm,Surface,Position Reference Frame,Reference Frame 1,1,828,
3.04122,4.22888,0.444579,µm,Surface,Position Reference Frame,Reference Frame 1,1,829,
1.52545,6.15862,0.0271904,µm,Surface,Position Reference Frame,Reference Frame 1,1,830,
6.52528,0.95013,0.468932,µm,Surface,Position Reference Frame,Reference Frame 1,1,831,
6.93348,1.04807,-0.155041,µm,Surface,Position Reference Frame,Reference Frame 1,1,832,
3.10115,4.59558,-0.44009,µm,Surface,Position Reference Frame,Reference Frame 1,1,833,
10.9013,-3.73791,0.489875,µm,Surface,Position Reference Frame,Reference Frame 1,1,834,
9.12749,-1.20126,0.220749,µm,Surface,Position Reference Frame,Reference Frame 1,1,835,
-1.60676,8.7342,0.442312,µm,Surface,Position Reference Frame,Reference Frame 1,1,836,
0.701828,6.67064,0.335366,µm,Surface,Position Reference Frame,Reference Frame 1,1,837,
2.57056,4.5519,0.436194,µm,Surface,Position Reference Frame,Reference Frame 1,1,839,
1.98132,5.60541,0.248888,µm,Surface,Position Reference Frame,Reference Frame 1,1,840,
12.271,-5.27774,0.403838,µm,Surface,Position Reference Frame,Reference Frame 1,1,841,
7.85016,-0.475666,-0.096879,µm,Surface,Position Reference Frame,Reference Frame 1,1,842,
5.9869,1.76193,-0.6069,µm,Surface,Position Reference Frame,Reference Frame 1,1,843,
9.52124,-2.15668,0.133824,µm,Surface,Position Reference Frame,Reference Frame 1,1,844,
1.11564,5.74381,0.456125,µm,Surface,Position Reference Frame,Reference Frame 1,1,845,
12.5327,-5.64211,0.56129,µm,Surface,Position Reference Frame,Reference Frame 1,1,846,
4.27521,3.10091,-0.672346,µm,Surface,Position Reference Frame,Reference Frame 1,1,848,
-1.09489,8.30333,0.468907,µm,Surface,Position Reference Frame,Reference Frame 1,1,850,
11.4252,-4.18922,0.433467,µm,Surface,Position Reference Frame,Reference Frame 1,1,851,
3.74865,3.44829,-0.583261,µm,Surface,Position Reference Frame,Reference Frame 1,1,852,
8.79855,-1.52213,0.12707,µm,Surface,Position Reference Frame,Reference Frame 1,1,853,
3.38431,3.82538,-0.367997,µm,Surface,Position Reference Frame,Reference Frame 1,1,854,
5.08896,2.08271,0.322974,µm,Surface,Position Reference Frame,Reference Frame 1,1,855,
1.64232,5.30725,0.546643,µm,Surface,Position Reference Frame,Reference Frame 1,1,856,
2.00921,4.95546,0.432185,µm,Surface,Position Reference Frame,Reference Frame 1,1,857,
7.46938,-0.6007,0.423282,µm,Surface,Position Reference Frame,Reference Frame 1,1,858,
3.93768,3.0624,-0.774106,µm,Surface,Position Reference Frame,Reference Frame 1,1,859,
5.98066,1.3192,0.299336,µm,Surface,Position Reference Frame,Reference Frame 1,1,860,
0.988575,5.95295,-0.0614738,µm,Surface,Position Reference Frame,Reference Frame 1,1,861,
9.03291,-1.84814,0.241306,µm,Surface,Position Reference Frame,Reference Frame 1,1,862,
4.08502,2.85802,0.357054,µm,Surface,Position Reference Frame,Reference Frame 1,1,863,
2.07676,5.14465,-0.400953,µm,Surface,Position Reference Frame,Reference Frame 1,1,864,
0.0145874,7.01914,0.444834,µm,Surface,Position Reference Frame,Reference Frame 1,1,865,
0.714214,6.19174,0.548282,µm,Surface,Position Reference Frame,Reference Frame 1,1,866,
11.2194,-4.54827,0.562039,µm,Surface,Position Reference Frame,Reference Frame 1,1,867,
4.67936,2.76951,-0.702299,µm,Surface,Position Reference Frame,Reference Frame 1,1,869,
11.756,-4.91931,0.547704,µm,Surface,Position Reference Frame,Reference Frame 1,1,870,
4.72747,2.36115,0.251479,µm,Surface,Position Reference Frame,Reference Frame 1,1,871,
7.1856,-0.113972,0.0686023,µm,Surface,Position Reference Frame,Reference Frame 1,1,872,
5.46605,1.64387,-0.644414,µm,Surface,Position Reference Frame,Reference Frame 1,1,873,
7.51369,-0.945595,0.601223,µm,Surface,Position Reference Frame,Reference Frame 1,1,874,
6.19687,0.42281,0.312138,µm,Surface,Position Reference Frame,Reference Frame 1,1,875,
3.15117,3.46731,0.480121,µm,Surface,Position Reference Frame,Reference Frame 1,1,877,
8.38503,-1.28815,0.247865,µm,Surface,Position Reference Frame,Reference Frame 1,1,878,
-1.03404,7.83554,0.472501,µm,Surface,Position Reference Frame,Reference Frame 1,1,879,
7.96768,-0.939739,0.0706089,µm,Surface,Position Reference Frame,Reference Frame 1,1,880,
6.28676,0.993824,-0.621778,µm,Surface,Position Reference Frame,Reference Frame 1,1,881,
5.17849,2.28578,-0.446238,µm,Surface,Position Reference Frame,Reference Frame 1,1,883,
3.95255,2.6235,-0.194142,µm,Surface,Position Reference Frame,Reference Frame 1,1,884,
5.33466,1.14804,0.406868,µm,Surface,Position Reference Frame,Reference Frame 1,1,885,
2.43871,4.51072,-0.564218,µm,Surface,Position Reference Frame,Reference Frame 1,1,886,
5.18635,1.61527,0.274543,µm,Surface,Position Reference Frame,Reference Frame 1,1,887,
9.4666,-2.69162,0.402528,µm,Surface,Position Reference Frame,Reference Frame 1,1,888,
6.01848,0.793869,0.17196,µm,Surface,Position Reference Frame,Reference Frame 1,1,889,
2.78314,3.61362,0.444965,µm,Surface,Position Reference Frame,Reference Frame 1,1,890,
1.13161,5.31012,0.560992,µm,Surface,Position Reference Frame,Reference Frame 1,1,891,
1.38409,5.55726,-0.141022,µm,Surface,Position Reference Frame,Reference Frame 1,1,892,
0.0434265,6.5036,0.453295,µm,Surface,Position Reference Frame,Reference Frame 1,1,893,
-0.759922,7.55143,0.436586,µm,Surface,Position Reference Frame,Reference Frame 1,1,894,
10.5696,-4.04519,0.473439,µm,Surface,Position Reference Frame,Reference Frame 1,1,895,
3.65197,3.30302,0.38476,µm,Surface,Position Reference Frame,Reference Frame 1,1,896,
8.952,-2.35503,0.226343,µm,Surface,Position Reference Frame,Reference Frame 1,1,897,
4.52754,1.70796,0.185837,µm,Surface,Position Reference Frame,Reference Frame 1,1,898,
6.46933,0.0871468,0.390868,µm,Surface,Position Reference Frame,Reference Frame 1,1,900,
10.0466,-3.40569,0.444269,µm,Surface,Position Reference Frame,Reference Frame 1,1,901,
9.06287,-2.73589,0.283262,µm,Surface,Position Reference Frame,Reference Frame 1,1,902,
0.434059,6.00174,0.0352824,µm,Surface,Position Reference Frame,Reference Frame 1,1,903,
6.64743,0.322773,-0.334006,µm,Surface,Position Reference Frame,Reference Frame 1,1,904,
1.60994,4.78038,-0.422746,µm,Surface,Position Reference Frame,Reference Frame 1,1,905,
-1.14411,7.18232,0.490691,µm,Surface,Position Reference Frame,Reference Frame 1,1,906,
7.75779,-1.31517,0.0552359,µm,Surface,Position Reference Frame,Reference Frame 1,1,908,
0.66156,5.68664,0.390058,µm,Surface,Position Reference Frame,Reference Frame 1,1,909,
5.11367,1.16604,-0.823497,µm,Surface,Position Reference Frame,Reference Frame 1,1,910,
9.90582,-3.87214,0.498282,µm,Surface,Position Reference Frame,Reference Frame 1,1,911,
3.65983,2.54627,0.322452,µm,Surface,Position Reference Frame,Reference Frame 1,1,912,
1.6699,4.69164,0.400543,µm,Surface,Position Reference Frame,Reference Frame 1,1,913,
9.58489,-3.07363,0.305787,µm,Surface,Position Reference Frame,Reference Frame 1,1,914,
8.79641,-2.91248,0.261397,µm,Surface,Position Reference Frame,Reference Frame 1,1,915,
3.99629,2.1326,-0.158718,µm,Surface,Position Reference Frame,Reference Frame 1,1,917,
7.16798,-0.835621,-0.114836,µm,Surface,Position Reference Frame,Reference Frame 1,1,918,
-2.02341,7.84407,0.542128,µm,Surface,Position Reference Frame,Reference Frame 1,1,919,
1.15725,4.79966,0.261282,µm,Surface,Position Reference Frame,Reference Frame 1,1,920,
8.47452,-2.27427,0.266287,µm,Surface,Position Reference Frame,Reference Frame 1,1,921,
4.06601,2.04922,-0.987012,µm,Surface,Position Reference Frame,Reference Frame 1,1,922,
11.2468,-5.43053,0.629363,µm,Surface,Position Reference Frame,Reference Frame 1,1,923,
2.08204,4.23289,0.490936,µm,Surface,Position Reference Frame,Reference Frame 1,1,924,
-0.498703,6.90434,0.370584,µm,Surface,Position Reference Frame,Reference Frame 1,1,925,
6.01166,0.0059967,-0.569828,µm,Surface,Position Reference Frame,Reference Frame 1,1,926,
-2.51222,8.74618,0.540054,µm,Surface,Position Reference Frame,Reference Frame 1,1,927,
6.53258,-0.667843,-0.572126,µm,Surface,Position Reference Frame,Reference Frame 1,1,928,
0.71529,5.12621,0.484678,µm,Surface,Position Reference Frame,Reference Frame 1,1,929,
-1.55298,7.35206,0.522375,µm,Surface,Position Reference Frame,Reference Frame 1,1,930,
6.66775,-0.701977,0.390014,µm,Surface,Position Reference Frame,Reference Frame 1,1,931,
9.47474,-3.68139,0.400486,µm,Surface,Position Reference Frame,Reference Frame 1,1,932,
5.58813,0.697594,0.0290229,µm,Surface,Position Reference Frame,Reference Frame 1,1,933,
10.8183,-4.81269,0.493185,µm,Surface,Position Reference Frame,Reference Frame 1,1,934,
0.73048,5.3596,-0.42556,µm,Surface,Position Reference Frame,Reference Frame 1,1,935,
6.60585,-0.343567,0.0149488,µm,Surface,Position Reference Frame,Reference Frame 1,1,936,
2.75222,3.1771,0.285897,µm,Surface,Position Reference Frame,Reference Frame 1,1,937,
8.0527,-2.21696,0.0619185,µm,Surface,Position Reference Frame,Reference Frame 1,1,938,
11.4929,-6.03814,0.562949,µm,Surface,Position Reference Frame,Reference Frame 1,1,939,
3.65791,2.01863,0.398973,µm,Surface,Position Reference Frame,Reference Frame 1,1,940,
0.943035,4.87914,-0.533074,µm,Surface,Position Reference Frame,Reference Frame 1,1,941,
6.90795,-1.18171,0.551836,µm,Surface,Position Reference Frame,Reference Frame 1,1,942,
1.18916,4.53736,-0.593617,µm,Surface,Position Reference Frame,Reference Frame 1,1,943,
12.0492,-5.84405,0.504402,µm,Surface,Position Reference Frame,Reference Frame 1,1,944,
2.596,3.18025,-0.801143,µm,Surface,Position Reference Frame,Reference Frame 1,1,945,
-1.04251,6.45239,0.23027,µm,Surface,Position Reference Frame,Reference Frame 1,1,946,
5.75714,0.109066,0.295811,µm,Surface,Position Reference Frame,Reference Frame 1,1,947,
7.32505,-1.49288,0.0390656,µm,Surface,Position Reference Frame,Reference Frame 1,1,948,
-0.0387192,5.99336,0.190497,µm,Surface,Position Reference Frame,Reference Frame 1,1,949,
4.44335,1.31633,-0.796089,µm,Surface,Position Reference Frame,Reference Frame 1,1,950,
0.173328,5.39441,0.460412,µm,Surface,Position Reference Frame,Reference Frame 1,1,951,
4.67339,1.16484,0.310625,µm,Surface,Position Reference Frame,Reference Frame 1,1,952,
7.99308,-1.84893,0.0646091,µm,Surface,Position Reference Frame,Reference Frame 1,1,953,
0.0987473,5.42992,-0.446523,µm,Surface,Position Reference Frame,Reference Frame 1,1,954,
8.00383,-2.55922,0.391581,µm,Surface,Position Reference Frame,Reference Frame 1,1,955,
9.04894,-3.37277,0.451287,µm,Surface,Position Reference Frame,Reference Frame 1,1,956,
2.41518,2.85963,0.451779,µm,Surface,Position Reference Frame,Reference Frame 1,1,957,
4.08406,1.59958,-0.737098,µm,Surface,Position Reference Frame,Reference Frame 1,1,958,
1.44698,4.20067,-0.600809,µm,Surface,Position Reference Frame,Reference Frame 1,1,959,
-1.17517,6.75826,0.508365,µm,Surface,Position Reference Frame,Reference Frame 1,1,960,
1.97506,3.07262,0.574545,µm,Surface,Position Reference Frame,Reference Frame 1,1,961,
6.16881,-0.678875,0.293071,µm,Surface,Position Reference Frame,Reference Frame 1,1,962,
3.08372,2.5001,0.307395,µm,Surface,Position Reference Frame,Reference Frame 1,1,963,
8.44712,-2.82341,0.250837,µm,Surface,Position Reference Frame,Reference Frame 1,1,964,
7.74217,-2.44703,-0.0278838,µm,Surface,Position Reference Frame,Reference Frame 1,1,965,
4.59294,0.680504,-0.265458,µm,Surface,Position Reference Frame,Reference Frame 1,1,966,
2.14173,3.61141,0.438086,µm,Surface,Position Reference Frame,Reference Frame 1,1,967,
7.05079,-1.73567,0.499977,µm,Surface,Position Reference Frame,Reference Frame 1,1,968,
4.16784,1.15635,0.321371,µm,Surface,Position Reference Frame,Reference Frame 1,1,969,
-2.45797,7.3819,0.551267,µm,Surface,Position Reference Frame,Reference Frame 1,1,970,
10.6712,-5.33133,0.528058,µm,Surface,Position Reference Frame,Reference Frame 1,1,971,
-2.02495,7.17394,0.543653,µm,Surface,Position Reference Frame,Reference Frame 1,1,972,
7.4529,-2.06798,0.491983,µm,Surface,Position Reference Frame,Reference Frame 1,1,973,
10.0717,-4.44735,0.442264,µm,Surface,Position Reference Frame,Reference Frame 1,1,974,
1.5392,3.81749,0.227715,µm,Surface,Position Reference Frame,Reference Frame 1,1,975,
10.0807,-5.12269,0.571279,µm,Surface,Position Reference Frame,Reference Frame 1,1,976,
4.10705,0.746899,0.431237,µm,Surface,Position Reference Frame,Reference Frame 1,1,977,
11.4715,-6.74892,0.690706,µm,Surface,Position Reference Frame,Reference Frame 1,1,978,
8.58107,-3.30312,0.317774,µm,Surface,Position Reference Frame,Reference Frame 1,1,979,
-2.05433,6.75302,0.552128,µm,Surface,Position Reference Frame,Reference Frame 1,1,980,
5.37094,-0.191776,0.361895,µm,Surface,Position Reference Frame,Reference Frame 1,1,981,
3.91118,1.3244,-1.04909,µm,Surface,Position Reference Frame,Reference Frame 1,1,982,
1.08254,4.1483,0.451854,µm,Surface,Position Reference Frame,Reference Frame 1,1,983,
1.38699,3.57923,-0.166643,µm,Surface,Position Reference Frame,Reference Frame 1,1,984,
5.1869,0.566494,-0.844238,µm,Surface,Position Reference Frame,Reference Frame 1,1,985,
9.57714,-4.86415,0.513231,µm,Surface,Position Reference Frame,Reference Frame 1,1,986,
3.70812,1.27465,0.363507,µm,Surface,Position Reference Frame,Reference Frame 1,1,987,
3.34841,1.61781,0.466714,µm,Surface,Position Reference Frame,Reference Frame 1,1,988,
2.39335,2.46868,0.451015,µm,Surface,Position Reference Frame,Reference Frame 1,1,989,
9.37704,-4.43344,0.619594,µm,Surface,Position Reference Frame,Reference Frame 1,1,990,
4.86525,0.494053,0.279651,µm,Surface,Position Reference Frame,Reference Frame 1,1,991,
-0.432285,5.6711,0.211059,µm,Surface,Position Reference Frame,Reference Frame 1,1,992,
6.54518,-1.19594,-0.0721829,µm,Surface,Position Reference Frame,Reference Frame 1,1,994,
3.3388,2.76899,-0.829233,µm,Surface,Position Reference Frame,Reference Frame 1,1,995,
2.66648,3.62621,-0.654041,µm,Surface,Position Reference Frame,Reference Frame 1,1,996,
0.647469,4.71632,0.115837,µm,Surface,Position Reference Frame,Reference Frame 1,1,997,
7.40931,-2.55402,0.197745,µm,Surface,Position Reference Frame,Reference Frame 1,1,998,
4.74674,0.0568581,0.295091,µm,Surface,Position Reference Frame,Reference Frame 1,1,999,
8.39846,-3.66904,0.207466,µm,Surface,Position Reference Frame,Reference Frame 1,1,1000,
2.96713,2.18819,-0.375527,µm,Surface,Position Reference Frame,Reference Frame 1,1,1001,
11.1024,-6.39525,0.506474,µm,Surface,Position Reference Frame,Reference Frame 1,1,1002,
3.58815,1.55,-1.12719,µm,Surface,Position Reference Frame,Reference Frame 1,1,1003,
-3.58261,8.22983,0.552493,µm,Surface,Position Reference Frame,Reference Frame 1,1,1004,
-2.62889,6.97854,0.613545,µm,Surface,Position Reference Frame,Reference Frame 1,1,1005,
4.11533,1.0007,-0.807739,µm,Surface,Position Reference Frame,Reference Frame 1,1,1006,
2.74732,2.52001,-0.681011,µm,Surface,Position Reference Frame,Reference Frame 1,1,1007,
-0.273762,5.05718,0.452484,µm,Surface,Position Reference Frame,Reference Frame 1,1,1008,
1.71329,3.62462,-0.771102,µm,Surface,Position Reference Frame,Reference Frame 1,1,1010,
-0.505501,5.38382,-0.343064,µm,Surface,Position Reference Frame,Reference Frame 1,1,1011,
10.2789,-5.62044,0.582361,µm,Surface,Position Reference Frame,Reference Frame 1,1,1012,
6.7114,-2.08229,0.586412,µm,Surface,Position Reference Frame,Reference Frame 1,1,1013,
4.79866,0.0693779,-0.770378,µm,Surface,Position Reference Frame,Reference Frame 1,1,1015,
0.142754,4.61431,0.463097,µm,Surface,Position Reference Frame,Reference Frame 1,1,1016,
2.875,1.92828,-1.06435,µm,Surface,Position Reference Frame,Reference Frame 1,1,1017,
5.99356,-1.36912,0.135834,µm,Surface,Position Reference Frame,Reference Frame 1,1,1018,
7.01128,-2.3472,-0.0641854,µm,Surface,Position Reference Frame,Reference Frame 1,1,1019,
-4.72433,9.00741,0.576189,µm,Surface,Position Reference Frame,Reference Frame 1,1,1020,
1.50105,2.79824,0.214262,µm,Surface,Position Reference Frame,Reference Frame 1,1,1021,
1.10978,3.82371,-0.774983,µm,Surface,Position Reference Frame,Reference Frame 1,1,1022,
2.8395,1.49763,-0.346312,µm,Surface,Position Reference Frame,Reference Frame 1,1,1023,
4.44342,0.316231,-1.0046,µm,Surface,Position Reference Frame,Reference Frame 1,1,1024,
-3.31498,7.85188,0.588282,µm,Surface,Position Reference Frame,Reference Frame 1,1,1025,
5.4762,-0.730858,0.355425,µm,Surface,Position Reference Frame,Reference Frame 1,1,1026,
-0.176403,4.80323,-0.361665,µm,Surface,Position Reference Frame,Reference Frame 1,1,1027,
6.6794,-1.82046,-0.191286,µm,Surface,Position Reference Frame,Reference Frame 1,1,1028,
5.45182,-0.186649,-0.80802,µm,Surface,Position Reference Frame,Reference Frame 1,1,1029,
10.6751,-6.11035,0.562793,µm,Surface,Position Reference Frame,Reference Frame 1,1,1030,
5.99051,-0.813068,-0.7134,µm,Surface,Position Reference Frame,Reference Frame 1,1,1031,
-0.783241,5.41405,0.45331,µm,Surface,Position Reference Frame,Reference Frame 1,1,1032,
10.8571,-6.76008,0.635379,µm,Surface,Position Reference Frame,Reference Frame 1,1,1033,
0.691536,4.16696,-0.175649,µm,Surface,Position Reference Frame,Reference Frame 1,1,1034,
-1.02322,6.13552,0.350062,µm,Surface,Position Reference Frame,Reference Frame 1,1,1035,
5.73148,-1.08023,0.312839,µm,Surface,Position Reference Frame,Reference Frame 1,1,1036,
-0.856361,5.21888,-0.415497,µm,Surface,Position Reference Frame,Reference Frame 1,1,1037,
-2.67101,6.60527,0.545341,µm,Surface,Position Reference Frame,Reference Frame 1,1,1038,
8.65646,-4.04428,0.428355,µm,Surface,Position Reference Frame,Reference Frame 1,1,1039,
-0.767384,4.88085,0.489552,µm,Surface,Position Reference Frame,Reference Frame 1,1,1040,
-1.56606,5.97658,0.332802,µm,Surface,Position Reference Frame,Reference Frame 1,1,1041,
-0.538502,4.93704,-0.488499,µm,Surface,Position Reference Frame,Reference Frame 1,1,1042,
6.30288,-1.57215,-0.211028,µm,Surface,Position Reference Frame,Reference Frame 1,1,1043,
0.397072,4.43452,-0.550439,µm,Surface,Position Reference Frame,Reference Frame 1,1,1044,
3.69893,0.997158,-1.11422,µm,Surface,Position Reference Frame,Reference Frame 1,1,1045,
2.15578,2.64071,-0.774482,µm,Surface,Position Reference Frame,Reference Frame 1,1,1046,
6.05747,-1.72939,0.24577,µm,Surface,Position Reference Frame,Reference Frame 1,1,1047,
5.181,-0.563396,-0.788796,µm,Surface,Position Reference Frame,Reference Frame 1,1,1048,
7.23789,-2.87655,0.0882821,µm,Surface,Position Reference Frame,Reference Frame 1,1,1049,
7.84631,-3.06114,0.0667579,µm,Surface,Position Reference Frame,Reference Frame 1,1,1050,
9.57195,-5.32141,0.531323,µm,Surface,Position Reference Frame,Reference Frame 1,1,1051,
8.01352,-4.00333,0.216464,µm,Surface,Position Reference Frame,Reference Frame 1,1,1052,
2.71522,1.86712,0.494728,µm,Surface,Position Reference Frame,Reference Frame 1,1,1053,
1.83624,2.40316,0.504614,µm,Surface,Position Reference Frame,Reference Frame 1,1,1054,
9.72082,-5.80175,0.574132,µm,Surface,Position Reference Frame,Reference Frame 1,1,1055,
3.22928,1.04404,0.334282,µm,Surface,Position Reference Frame,Reference Frame 1,1,1056,
3.29057,1.11304,-0.31654,µm,Surface,Position Reference Frame,Reference Frame 1,1,1057,
8.6572,-4.52512,0.460875,µm,Surface,Position Reference Frame,Reference Frame 1,1,1058,
-3.30749,7.08511,0.551099,µm,Surface,Position Reference Frame,Reference Frame 1,1,1059,
1.86667,1.97645,0.49913,µm,Surface,Position Reference Frame,Reference Frame 1,1,1060,
10.3582,-6.76127,0.627449,µm,Surface,Position Reference Frame,Reference Frame 1,1,1061,
3.94597,0.547577,-0.938897,µm,Surface,Position Reference Frame,Reference Frame 1,1,1062,
9.12677,-5.38936,0.574788,µm,Surface,Position Reference Frame,Reference Frame 1,1,1063,
8.8932,-4.94711,0.504282,µm,Surface,Position Reference Frame,Reference Frame 1,1,1064,
-4.9374,8.44514,0.581615,µm,Surface,Position Reference Frame,Reference Frame 1,1,1065,
5.85873,-1.63943,-0.982865,µm,Surface,Position Reference Frame,Reference Frame 1,1,1066,
2.06067,2.11763,-0.34659,µm,Surface,Position Reference Frame,Reference Frame 1,1,1067,
2.46048,2.00602,-0.497273,µm,Surface,Position Reference Frame,Reference Frame 1,1,1068,
-1.33944,4.96074,0.47707,µm,Surface,Position Reference Frame,Reference Frame 1,1,1069,
3.81818,-0.0747185,0.435168,µm,Surface,Position Reference Frame,Reference Frame 1,1,1070,
-0.507133,4.26864,0.513217,µm,Surface,Position Reference Frame,Reference Frame 1,1,1071,
7.71981,-4.07405,0.546656,µm,Surface,Position Reference Frame,Reference Frame 1,1,1072,
-4.35084,8.24885,0.607623,µm,Surface,Position Reference Frame,Reference Frame 1,1,1073,
-7.19751,10.3835,0.584646,µm,Surface,Position Reference Frame,Reference Frame 1,1,1074,
9.87661,-6.19413,0.632153,µm,Surface,Position Reference Frame,Reference Frame 1,1,1075,
-2.35456,6.3123,0.532178,µm,Surface,Position Reference Frame,Reference Frame 1,1,1076,
-1.29467,5.05186,-0.385946,µm,Surface,Position Reference Frame,Reference Frame 1,1,1077,
-1.36385,5.47115,0.139885,µm,Surface,Position Reference Frame,Reference Frame 1,1,1078,
0.740948,3.4837,0.415415,µm,Surface,Position Reference Frame,Reference Frame 1,1,1079,
0.830605,3.38741,-0.834769,µm,Surface,Position Reference Frame,Reference Frame 1,1,1080,
7.7465,-3.72686,0.435751,µm,Surface,Position Reference Frame,Reference Frame 1,1,1081,
8.05056,-4.42729,0.533467,µm,Surface,Position Reference Frame,Reference Frame 1,1,1082,
0.0811195,3.99046,0.355249,µm,Surface,Position Reference Frame,Reference Frame 1,1,1083,
4.16631,0.14254,0.242423,µm,Surface,Position Reference Frame,Reference Frame 1,1,1084,
4.76381,-0.6479,0.263477,µm,Surface,Position Reference Frame,Reference Frame 1,1,1085,
1.40017,2.39927,-0.352558,µm,Surface,Position Reference Frame,Reference Frame 1,1,1086,
5.00403,-1.17558,0.210243,µm,Surface,Position Reference Frame,Reference Frame 1,1,1087,
-2.10096,5.80314,0.419494,µm,Surface,Position Reference Frame,Reference Frame 1,1,1088,
5.4107,-1.55803,0.533545,µm,Surface,Position Reference Frame,Reference Frame 1,1,1089,
6.34529,-2.1806,-0.184322,µm,Surface,Position Reference Frame,Reference Frame 1,1,1090,
5.75691,-2.02515,0.38494,µm,Surface,Position Reference Frame,Reference Frame 1,1,1091,
1.20757,2.57676,0.485963,µm,Surface,Position Reference Frame,Reference Frame 1,1,1093,
6.86908,-3.24783,0.428282,µm,Surface,Position Reference Frame,Reference Frame 1,1,1094,
6.69635,-2.90319,-0.0720077,µm,Surface,Position Reference Frame,Reference Frame 1,1,1095,
7.28126,-3.39022,0.100039,µm,Surface,Position Reference Frame,Reference Frame 1,1,1096,
1.71678,2.44593,-1.04886,µm,Surface,Position Reference Frame,Reference Frame 1,1,1097,
4.65377,-0.615768,-0.826794,µm,Surface,Position Reference Frame,Reference Frame 1,1,1098,
3.66578,0.333,-1.19018,µm,Surface,Position Reference Frame,Reference Frame 1,1,1099,
-1.13174,4.69402,-0.297986,µm,Surface,Position Reference Frame,Reference Frame 1,1,1100,
6.38488,-2.67356,0.360904,µm,Surface,Position Reference Frame,Reference Frame 1,1,1101,
2.01569,1.78114,-0.916758,µm,Surface,Position Reference Frame,Reference Frame 1,1,1102,
9.35473,-6.09862,0.592626,µm,Surface,Position Reference Frame,Reference Frame 1,1,1104,
-0.623474,4.47573,-0.625318,µm,Surface,Position Reference Frame,Reference Frame 1,1,1105,
-6.15767,9.05883,0.555179,µm,Surface,Position Reference Frame,Reference Frame 1,1,1106,
7.59145,-4.42388,0.36811,µm,Surface,Position Reference Frame,Reference Frame 1,1,1107,
8.70817,-5.34975,0.576749,µm,Surface,Position Reference Frame,Reference Frame 1,1,1108,
-6.84717,9.61405,0.61925,µm,Surface,Position Reference Frame,Reference Frame 1,1,1109,
0.759312,2.14901,0.524553,µm,Surface,Position Reference Frame,Reference Frame 1,1,1110,
5.814,-2.13115,-0.776718,µm,Surface,Position Reference Frame,Reference Frame 1,1,1111,
-3.32441,6.54047,0.507413,µm,Surface,Position Reference Frame,Reference Frame 1,1,1112,
8.06625,-5.07973,0.563667,µm,Surface,Position Reference Frame,Reference Frame 1,1,1113,
-1.15946,4.46386,0.434837,µm,Surface,Position Reference Frame,Reference Frame 1,1,1114,
-1.43454,4.68235,-0.529269,µm,Surface,Position Reference Frame,Reference Frame 1,1,1115,
2.11074,1.35628,0.583034,µm,Surface,Position Reference Frame,Reference Frame 1,1,1116,
8.9939,-6.00887,0.588026,µm,Surface,Position Reference Frame,Reference Frame 1,1,1117,
4.15392,-1.04551,0.265996,µm,Surface,Position Reference Frame,Reference Frame 1,1,1118,
5.8832,-2.35649,0.154905,µm,Surface,Position Reference Frame,Reference Frame 1,1,1119,
-1.80174,5.07277,0.274968,µm,Surface,Position Reference Frame,Reference Frame 1,1,1120,
3.9283,-0.542007,0.305094,µm,Surface,Position Reference Frame,Reference Frame 1,1,1121,
3.14095,0.7416,-1.22663,µm,Surface,Position Reference Frame,Reference Frame 1,1,1122,
3.21973,0.566944,0.358159,µm,Surface,Position Reference Frame,Reference Frame 1,1,1123,
4.04417,-0.243938,-0.571802,µm,Surface,Position Reference Frame,Reference Frame 1,1,1124,
8.70041,-5.79345,0.531615,µm,Surface,Position Reference Frame,Reference Frame 1,1,1125,
-5.31422,7.97637,0.629915,µm,Surface,Position Reference Frame,Reference Frame 1,1,1126,
-2.14053,5.32438,0.163422,µm,Surface,Position Reference Frame,Reference Frame 1,1,1127,
-1.81768,4.92672,-0.398777,µm,Surface,Position Reference Frame,Reference Frame 1,1,1128,
-0.0218239,3.38601,-0.214218,µm,Surface,Position Reference Frame,Reference Frame 1,1,1129,
-3.90603,6.77631,0.548282,µm,Surface,Position Reference Frame,Reference Frame 1,1,1130,
3.79162,-0.490208,-1.05542,µm,Surface,Position Reference Frame,Reference Frame 1,1,1131,
-1.58179,4.54206,0.391884,µm,Surface,Position Reference Frame,Reference Frame 1,1,1132,
-0.733524,3.95963,0.414165,µm,Surface,Position Reference Frame,Reference Frame 1,1,1133,
-1.01563,3.75067,0.530891,µm,Surface,Position Reference Frame,Reference Frame 1,1,1134,
0.325691,2.67291,0.494642,µm,Surface,Position Reference Frame,Reference Frame 1,1,1135,
7.21688,-4.02473,0.267997,µm,Surface,Position Reference Frame,Reference Frame 1,1,1136,
7.61575,-4.81467,0.450529,µm,Surface,Position Reference Frame,Reference Frame 1,1,1137,
9.40384,-6.82655,0.5702,µm,Surface,Position Reference Frame,Reference Frame 1,1,1138,
-2.91603,5.98063,0.48606,µm,Surface,Position Reference Frame,Reference Frame 1,1,1139,
3.34821,-0.292175,0.353032,µm,Surface,Position Reference Frame,Reference Frame 1,1,1140,
10.1727,-7.59962,0.570754,µm,Surface,Position Reference Frame,Reference Frame 1,1,1141,
3.63908,-0.849209,0.308282,µm,Surface,Position Reference Frame,Reference Frame 1,1,1142,
0.81284,2.72165,-0.655632,µm,Surface,Position Reference Frame,Reference Frame 1,1,1143,
6.093,-3.45618,0.661715,µm,Surface,Position Reference Frame,Reference Frame 1,1,1144,
5.11016,-2.19738,0.354302,µm,Surface,Position Reference Frame,Reference Frame 1,1,1145,
8.88951,-6.35138,0.629601,µm,Surface,Position Reference Frame,Reference Frame 1,1,1147,
6.20755,-3.16652,-0.0200174,µm,Surface,Position Reference Frame,Reference Frame 1,1,1148,
4.70929,-1.63165,0.366877,µm,Surface,Position Reference Frame,Reference Frame 1,1,1149,
5.23746,-2.07731,-1.11712,µm,Surface,Position Reference Frame,Reference Frame 1,1,1150,
3.91116,-0.930836,-0.976375,µm,Surface,Position Reference Frame,Reference Frame 1,1,1151,
-1.34101,3.88085,0.490929,µm,Surface,Position Reference Frame,Reference Frame 1,1,1152,
-4.38901,6.88083,0.575493,µm,Surface,Position Reference Frame,Reference Frame 1,1,1153,
1.24483,1.95631,-1.14223,µm,Surface,Position Reference Frame,Reference Frame 1,1,1156,
6.82817,-4.11614,0.243756,µm,Surface,Position Reference Frame,Reference Frame 1,1,1157,
5.44741,-3.00755,0.585425,µm,Surface,Position Reference Frame,Reference Frame 1,1,1158,
2.36118,0.370201,0.436594,µm,Surface,Position Reference Frame,Reference Frame 1,1,1159,
3.41545,-0.693729,-0.435051,µm,Surface,Position Reference Frame,Reference Frame 1,1,1160,
8.53356,-6.24812,0.57144,µm,Surface,Position Reference Frame,Reference Frame 1,1,1161,
9.77665,-7.30252,0.649691,µm,Surface,Position Reference Frame,Reference Frame 1,1,1162,
5.86153,-3.1544,0.406615,µm,Surface,Position Reference Frame,Reference Frame 1,1,1163,
-0.24033,2.81317,0.562119,µm,Surface,Position Reference Frame,Reference Frame 1,1,1164,
4.24381,-1.86479,0.503696,µm,Surface,Position Reference Frame,Reference Frame 1,1,1165,
2.09455,0.367634,-0.197936,µm,Surface,Position Reference Frame,Reference Frame 1,1,1166,
6.99431,-4.55329,0.531435,µm,Surface,Position Reference Frame,Reference Frame 1,1,1167,
2.15007,0.903294,-0.88868,µm,Surface,Position Reference Frame,Reference Frame 1,1,1168,
2.69746,-0.13356,0.323366,µm,Surface,Position Reference Frame,Reference Frame 1,1,1169,
1.73606,0.912708,0.540282,µm,Surface,Position Reference Frame,Reference Frame 1,1,1170,
6.50779,-3.59264,-0.00848341,µm,Surface,Position Reference Frame,Reference Frame 1,1,1171,
-0.770573,3.18205,0.452507,µm,Surface,Position Reference Frame,Reference Frame 1,1,1172,
5.39435,-2.67041,0.302978,µm,Surface,Position Reference Frame,Reference Frame 1,1,1173,
2.10276,0.00946045,0.442761,µm,Surface,Position Reference Frame,Reference Frame 1,1,1174,
0.228039,2.20817,-0.180506,µm,Surface,Position Reference Frame,Reference Frame 1,1,1175,
0.636993,2.22245,-1.27828,µm,Surface,Position Reference Frame,Reference Frame 1,1,1176,
0.158558,2.03171,0.402168,µm,Surface,Position Reference Frame,Reference Frame 1,1,1177,
2.54749,0.413883,-1.13184,µm,Surface,Position Reference Frame,Reference Frame 1,1,1178,
3.17252,-0.926643,0.351267,µm,Surface,Position Reference Frame,Reference Frame 1,1,1179,
8.96715,-7.18821,0.588282,µm,Surface,Position Reference Frame,Reference Frame 1,1,1180,
-2.49606,4.97089,0.244455,µm,Surface,Position Reference Frame,Reference Frame 1,1,1181,
4.37116,-2.20272,0.265319,µm,Surface,Position Reference Frame,Reference Frame 1,1,1182,
3.22052,-0.706638,-1.16323,µm,Surface,Position Reference Frame,Reference Frame 1,1,1183,
5.73305,-2.78804,-0.476082,µm,Surface,Position Reference Frame,Reference Frame 1,1,1185,
-0.81628,3.07399,-1.03029,µm,Surface,Position Reference Frame,Reference Frame 1,1,1186,
-4.21367,6.31436,0.559346,µm,Surface,Position Reference Frame,Reference Frame 1,1,1187,
6.36021,-4.00694,0.413891,µm,Surface,Position Reference Frame,Reference Frame 1,1,1188,
9.34068,-7.58996,0.544646,µm,Surface,Position Reference Frame,Reference Frame 1,1,1189,
7.96213,-5.90852,0.512461,µm,Surface,Position Reference Frame,Reference Frame 1,1,1190,
-7.58689,9.01857,0.548282,µm,Surface,Position Reference Frame,Reference Frame 1,1,1191,
2.83575,-0.515476,-0.115505,µm,Surface,Position Reference Frame,Reference Frame 1,1,1192,
3.47874,-1.34629,0.155895,µm,Surface,Position Reference Frame,Reference Frame 1,1,1193,
-4.77641,6.32605,0.563434,µm,Surface,Position Reference Frame,Reference Frame 1,1,1194,
-0.861553,3.86544,-0.683195,µm,Surface,Position Reference Frame,Reference Frame 1,1,1196,
3.27494,-1.06823,-1.08415,µm,Surface,Position Reference Frame,Reference Frame 1,1,1197,
3.91935,-1.65636,0.275352,µm,Surface,Position Reference Frame,Reference Frame 1,1,1198,
5.28795,-3.27737,-0.41946,µm,Surface,Position Reference Frame,Reference Frame 1,1,1199,
2.8765,-0.0495796,-1.07031,µm,Surface,Position Reference Frame,Reference Frame 1,1,1200,
2.3252,-0.202847,-1.37775,µm,Surface,Position Reference Frame,Reference Frame 1,1,1201,
-2.01172,4.2907,0.455489,µm,Surface,Position Reference Frame,Reference Frame 1,1,1202,
5.1909,-3.23802,0.541615,µm,Surface,Position Reference Frame,Reference Frame 1,1,1203,
-3.63594,5.95934,0.489191,µm,Surface,Position Reference Frame,Reference Frame 1,1,1204,
4.37545,-1.6408,-1.07274,µm,Surface,Position Reference Frame,Reference Frame 1,1,1205,
1.50689,0.979507,-1.30096,µm,Surface,Position Reference Frame,Reference Frame 1,1,1206,
6.95166,-5.08148,0.405832,µm,Surface,Position Reference Frame,Reference Frame 1,1,1207,
3.00736,-1.09634,-0.364861,µm,Surface,Position Reference Frame,Reference Frame 1,1,1208,
1.92903,-0.0858002,-0.345468,µm,Surface,Position Reference Frame,Reference Frame 1,1,1209,
-2.17992,3.75263,-0.0072732,µm,Surface,Position Reference Frame,Reference Frame 1,1,1210,
-0.224133,2.16774,-0.533536,µm,Surface,Position Reference Frame,Reference Frame 1,1,1211,
8.25483,-6.58091,0.667366,µm,Surface,Position Reference Frame,Reference Frame 1,1,1212,
-0.290237,2.7004,-0.898638,µm,Surface,Position Reference Frame,Reference Frame 1,1,1213,
8.43267,-7.36759,0.770504,µm,Surface,Position Reference Frame,Reference Frame 1,1,1214,
-1.36273,3.15966,-0.60886,µm,Surface,Position Reference Frame,Reference Frame 1,1,1215,
5.83493,-3.88661,0.215901,µm,Surface,Position Reference Frame,Reference Frame 1,1,1216,
-2.48127,4.27177,-0.344104,µm,Surface,Position Reference Frame,Reference Frame 1,1,1217,
2.58052,-0.947075,0.433844,µm,Surface,Position Reference Frame,Reference Frame 1,1,1218,
6.20559,-4.44873,0.24349,µm,Surface,Position Reference Frame,Reference Frame 1,1,1219,
2.27539,-0.503468,0.350193,µm,Surface,Position Reference Frame,Reference Frame 1,1,1220,
0.942501,1.10667,0.544915,µm,Surface,Position Reference Frame,Reference Frame 1,1,1221,
-1.23483,2.5281,0.551986,µm,Surface,Position Reference Frame,Reference Frame 1,1,1223,
5.53534,-3.55173,0.00181937,µm,Surface,Position Reference Frame,Reference Frame 1,1,1224,
7.36809,-5.90377,0.468507,µm,Surface,Position Reference Frame,Reference Frame 1,1,1225,
6.4596,-4.81404,0.509185,µm,Surface,Position Reference Frame,Reference Frame 1,1,1226,
4.71166,-2.98604,0.298136,µm,Surface,Position Reference Frame,Reference Frame 1,1,1227,
4.87235,-3.06479,-0.642718,µm,Surface,Position Reference Frame,Reference Frame 1,1,1228,
0.0863762,1.48988,0.439248,µm,Surface,Position Reference Frame,Reference Frame 1,1,1229,
1.83102,0.219761,-1.36904,µm,Surface,Position Reference Frame,Reference Frame 1,1,1230,
-0.201191,1.84329,-1.42073,µm,Surface,Position Reference Frame,Reference Frame 1,1,1231,
4.51477,-2.60633,0.267222,µm,Surface,Position Reference Frame,Reference Frame 1,1,1232,
-0.55904,1.83685,0.566963,µm,Surface,Position Reference Frame,Reference Frame 1,1,1233,
5.4105,-4.05174,0.523591,µm,Surface,Position Reference Frame,Reference Frame 1,1,1234,
7.08189,-5.59209,0.54102,µm,Surface,Position Reference Frame,Reference Frame 1,1,1235,
-1.92603,4.25949,-0.446312,µm,Surface,Position Reference Frame,Reference Frame 1,1,1236,
-2.43591,3.69448,0.372673,µm,Surface,Position Reference Frame,Reference Frame 1,1,1237,
5.96337,-4.94588,0.548282,µm,Surface,Position Reference Frame,Reference Frame 1,1,1238,
-1.84161,2.72505,0.6138,µm,Surface,Position Reference Frame,Reference Frame 1,1,1239,
2.73789,-1.29809,0.236758,µm,Surface,Position Reference Frame,Reference Frame 1,1,1240,
0.823502,0.92358,-1.37784,µm,Surface,Position Reference Frame,Reference Frame 1,1,1241,
5.84347,-4.38255,0.317106,µm,Surface,Position Reference Frame,Reference Frame 1,1,1242,
7.16151,-6.35223,0.660282,µm,Surface,Position Reference Frame,Reference Frame 1,1,1243,
-4.61855,5.79233,0.591214,µm,Surface,Position Reference Frame,Reference Frame 1,1,1244,
-2.74905,4.55837,0.369559,µm,Surface,Position Reference Frame,Reference Frame 1,1,1245,
-4.90227,6.01524,0.533316,µm,Surface,Position Reference Frame,Reference Frame 1,1,1246,
4.70121,-2.82463,-0.965511,µm,Surface,Position Reference Frame,Reference Frame 1,1,1247,
1.53242,-0.108582,0.374719,µm,Surface,Position Reference Frame,Reference Frame 1,1,1248,
-0.645031,2.25373,-0.764276,µm,Surface,Position Reference Frame,Reference Frame 1,1,1249,
1.2829,0.510086,-1.3338,µm,Surface,Position Reference Frame,Reference Frame 1,1,1250,
5.12252,-3.90205,0.269887,µm,Surface,Position Reference Frame,Reference Frame 1,1,1251,
-4.01321,4.9002,0.330101,µm,Surface,Position Reference Frame,Reference Frame 1,1,1252,
0.462044,0.536907,0.544689,µm,Surface,Position Reference Frame,Reference Frame 1,1,1253,
4.03817,-2.44323,-0.283473,µm,Surface,Position Reference Frame,Reference Frame 1,1,1254,
-3.25238,5.19159,0.335597,µm,Surface,Position Reference Frame,Reference Frame 1,1,1255,
1.55185,-0.493847,0.324512,µm,Surface,Position Reference Frame,Reference Frame 1,1,1256,
5.40963,-4.36903,0.137893,µm,Surface,Position Reference Frame,Reference Frame 1,1,1257,
6.62349,-5.99795,0.548282,µm,Surface,Position Reference Frame,Reference Frame 1,1,1259,
-1.9659,3.10364,0.533752,µm,Surface,Position Reference Frame,Reference Frame 1,1,1260,
3.52303,-2.10167,0.219362,µm,Surface,Position Reference Frame,Reference Frame 1,1,1261,
2.40268,-0.757534,-1.26568,µm,Surface,Position Reference Frame,Reference Frame 1,1,1262,
5.53966,-4.7219,0.413907,µm,Surface,Position Reference Frame,Reference Frame 1,1,1263,
1.70691,-0.40147,-1.31213,µm,Surface,Position Reference Frame,Reference Frame 1,1,1264,
3.07379,-1.72317,-0.306221,µm,Surface,Position Reference Frame,Reference Frame 1,1,1267,
6.2921,-5.52002,0.490015,µm,Surface,Position Reference Frame,Reference Frame 1,1,1268,
-0.546688,1.64524,-1.44061,µm,Surface,Position Reference Frame,Reference Frame 1,1,1269,
0.469154,1.59268,-0.80035,µm,Surface,Position Reference Frame,Reference Frame 1,1,1270,
-0.52964,1.39403,0.255341,µm,Surface,Position Reference Frame,Reference Frame 1,1,1271,
8.37829,-8.46216,0.748282,µm,Surface,Position Reference Frame,Reference Frame 1,1,1272,
1.86499,-1.13606,0.360543,µm,Surface,Position Reference Frame,Reference Frame 1,1,1273,
-0.118111,0.864922,0.495764,µm,Surface,Position Reference Frame,Reference Frame 1,1,1274,
-3.08284,3.67332,0.478674,µm,Surface,Position Reference Frame,Reference Frame 1,1,1275,
3.74187,-2.84956,0.408465,µm,Surface,Position Reference Frame,Reference Frame 1,1,1276,
1.97216,-0.805458,-0.0402236,µm,Surface,Position Reference Frame,Reference Frame 1,1,1277,
-2.70425,3.28161,0.568795,µm,Surface,Position Reference Frame,Reference Frame 1,1,1278,
-0.642105,1.32569,-0.820257,µm,Surface,Position Reference Frame,Reference Frame 1,1,1279,
2.20077,-1.70974,0.404532,µm,Surface,Position Reference Frame,Reference Frame 1,1,1280,
-0.0205841,1.01716,-1.35489,µm,Surface,Position Reference Frame,Reference Frame 1,1,1281,
5.81113,-5.64519,0.571359,µm,Surface,Position Reference Frame,Reference Frame 1,1,1282,
-7.3978,7.30083,0.626543,µm,Surface,Position Reference Frame,Reference Frame 1,1,1283,
-0.977921,1.66917,0.303921,µm,Surface,Position Reference Frame,Reference Frame 1,1,1284,
2.56818,-1.46036,-1.31513,µm,Surface,Position Reference Frame,Reference Frame 1,1,1285,
-0.584221,0.933464,0.0156736,µm,Surface,Position Reference Frame,Reference Frame 1,1,1286,
0.897217,0.102623,0.463751,µm,Surface,Position Reference Frame,Reference Frame 1,1,1287,
4.77719,-3.54858,-0.193047,µm,Surface,Position Reference Frame,Reference Frame 1,1,1288,
0.525517,0.455856,-1.25039,µm,Surface,Position Reference Frame,Reference Frame 1,1,1290,
-2.94497,3.7616,-0.555589,µm,Surface,Position Reference Frame,Reference Frame 1,1,1291,
-3.23045,4.45065,0.00736475,µm,Surface,Position Reference Frame,Reference Frame 1,1,1292,
-1.55611,1.86205,0.0467896,µm,Surface,Position Reference Frame,Reference Frame 1,1,1293,
0.894985,-0.21077,-0.710384,µm,Surface,Position Reference Frame,Reference Frame 1,1,1294,
-1.60574,1.4929,0.539051,µm,Surface,Position Reference Frame,Reference Frame 1,1,1295,
3.23953,-2.04703,-1.12128,µm,Surface,Position Reference Frame,Reference Frame 1,1,1296,
2.90545,-2.12441,0.319834,µm,Surface,Position Reference Frame,Reference Frame 1,1,1297,
-0.498161,0.624989,0.43606,µm,Surface,Position Reference Frame,Reference Frame 1,1,1299,
3.82369,-2.8409,-1.03633,µm,Surface,Position Reference Frame,Reference Frame 1,1,1300,
-4.56389,4.71972,0.342325,µm,Surface,Position Reference Frame,Reference Frame 1,1,1301,
-0.897465,1.26645,-0.604236,µm,Surface,Position Reference Frame,Reference Frame 1,1,1302,
3.30589,-2.91385,0.246143,µm,Surface,Position Reference Frame,Reference Frame 1,1,1303,
-5.51088,5.38321,0.544072,µm,Surface,Position Reference Frame,Reference Frame 1,1,1304,
2.469,-2.13537,0.186405,µm,Surface,Position Reference Frame,Reference Frame 1,1,1305,
3.90222,-3.25117,0.139685,µm,Surface,Position Reference Frame,Reference Frame 1,1,1307,
1.13765,-0.958855,0.480549,µm,Surface,Position Reference Frame,Reference Frame 1,1,1308,
4.32324,-3.598,0.255395,µm,Surface,Position Reference Frame,Reference Frame 1,1,1309,
1.32721,-0.882221,-0.140541,µm,Surface,Position Reference Frame,Reference Frame 1,1,1310,
-1.97473,2.0712,0.538113,µm,Surface,Position Reference Frame,Reference Frame 1,1,1311,
3.03071,-2.43459,-1.07488,µm,Surface,Position Reference Frame,Reference Frame 1,1,1312,
3.03745,-3.06313,0.535295,µm,Surface,Position Reference Frame,Reference Frame 1,1,1313,
0.150764,-0.101452,-0.17647,µm,Surface,Position Reference Frame,Reference Frame 1,1,1314,
5.47867,-5.14369,0.447402,µm,Surface,Position Reference Frame,Reference Frame 1,1,1315,
-3.4138,3.8549,0.405683,µm,Surface,Position Reference Frame,Reference Frame 1,1,1316,
4.02111,-3.93901,0.548282,µm,Surface,Position Reference Frame,Reference Frame 1,1,1317,
1.84369,-1.49689,-0.193502,µm,Surface,Position Reference Frame,Reference Frame 1,1,1318,
-3.88334,4.33309,0.155638,µm,Surface,Position Reference Frame,Reference Frame 1,1,1319,
5.41466,-5.75233,0.594794,µm,Surface,Position Reference Frame,Reference Frame 1,1,1320,
9.1596,-9.94007,0.791139,µm,Surface,Position Reference Frame,Reference Frame 1,1,1321,
-1.69836,1.93412,-0.755127,µm,Surface,Position Reference Frame,Reference Frame 1,1,1322,
1.20132,-0.723351,-1.2323,µm,Surface,Position Reference Frame,Reference Frame 1,1,1323,
2.49807,-1.90207,-1.17999,µm,Surface,Position Reference Frame,Reference Frame 1,1,1324,
-5.78364,5.51112,0.484868,µm,Surface,Position Reference Frame,Reference Frame 1,1,1326,
5.00483,-4.7641,0.187775,µm,Surface,Position Reference Frame,Reference Frame 1,1,1327,
-5.08809,5.11436,0.490187,µm,Surface,Position Reference Frame,Reference Frame 1,1,1328,
0.453342,-0.162621,-1.32113,µm,Surface,Position Reference Frame,Reference Frame 1,1,1329,
-1.16013,1.59644,-1.16706,µm,Surface,Position Reference Frame,Reference Frame 1,1,1330,
-3.04271,2.99473,0.306068,µm,Surface,Position Reference Frame,Reference Frame 1,1,1331,
-3.94978,3.87295,-0.351104,µm,Surface,Position Reference Frame,Reference Frame 1,1,1332,
-1.11666,1.1466,0.449581,µm,Surface,Position Reference Frame,Reference Frame 1,1,1333,
-6.78189,6.39999,0.63488,µm,Surface,Position Reference Frame,Reference Frame 1,1,1334,
2.87835,-2.77232,-1.11236,µm,Surface,Position Reference Frame,Reference Frame 1,1,1335,
2.59878,-2.71011,0.493686,µm,Surface,Position Reference Frame,Reference Frame 1,1,1336,
-4.53018,4.37175,0.177006,µm,Surface,Position Reference Frame,Reference Frame 1,1,1337,
1.09619,-1.37909,0.43113,µm,Surface,Position Reference Frame,Reference Frame 1,1,1338,
1.97883,-2.19114,0.367965,µm,Surface,Position Reference Frame,Reference Frame 1,1,1339,
4.59275,-4.13877,0.0564897,µm,Surface,Position Reference Frame,Reference Frame 1,1,1340,
-0.323471,0.636559,-1.32699,µm,Surface,Position Reference Frame,Reference Frame 1,1,1341,
5.21851,-6.21444,0.748282,µm,Surface,Position Reference Frame,Reference Frame 1,1,1342,
1.59075,-1.74372,0.371359,µm,Surface,Position Reference Frame,Reference Frame 1,1,1343,
2.25397,-2.12947,-1.16422,µm,Surface,Position Reference Frame,Reference Frame 1,1,1344,
1.538,-1.26482,-1.16389,µm,Surface,Position Reference Frame,Reference Frame 1,1,1345,
-1.82881,2.56778,-0.877491,µm,Surface,Position Reference Frame,Reference Frame 1,1,1346,
-4.306,4.13764,0.130635,µm,Surface,Position Reference Frame,Reference Frame 1,1,1347,
-2.07815,2.15007,-1.17743,µm,Surface,Position Reference Frame,Reference Frame 1,1,1348,
-3.39788,3.16259,0.521983,µm,Surface,Position Reference Frame,Reference Frame 1,1,1349,
5.07704,-5.42726,0.450074,µm,Surface,Position Reference Frame,Reference Frame 1,1,1350,
-3.13293,2.59979,0.558766,µm,Surface,Position Reference Frame,Reference Frame 1,1,1351,
-3.84331,3.32522,0.502978,µm,Surface,Position Reference Frame,Reference Frame 1,1,1352,
2.48177,-2.63157,-0.879061,µm,Surface,Position Reference Frame,Reference Frame 1,1,1353,
0.0934563,0.195068,-1.24813,µm,Surface,Position Reference Frame,Reference Frame 1,1,1354,
3.34488,-3.65711,0.210872,µm,Surface,Position Reference Frame,Reference Frame 1,1,1355,
-5.10877,4.70663,0.351447,µm,Surface,Position Reference Frame,Reference Frame 1,1,1356,
-2.5881,2.31863,0.203221,µm,Surface,Position Reference Frame,Reference Frame 1,1,1357,
-9.03655,7.80267,0.664949,µm,Surface,Position Reference Frame,Reference Frame 1,1,1358,
-2.71779,2.68911,-0.442627,µm,Surface,Position Reference Frame,Reference Frame 1,1,1359,
1.86187,-2.11968,-0.885425,µm,Surface,Position Reference Frame,Reference Frame 1,1,1360,
3.41689,-4.1074,0.454632,µm,Surface,Position Reference Frame,Reference Frame 1,1,1361,
3.08363,-3.02267,-0.897536,µm,Surface,Position Reference Frame,Reference Frame 1,1,1362,
3.54153,-3.59961,-0.753462,µm,Surface,Position Reference Frame,Reference Frame 1,1,1363,
-0.935715,0.815788,-1.43354,µm,Surface,Position Reference Frame,Reference Frame 1,1,1364,
4.03003,-4.32837,-0.0619173,µm,Surface,Position Reference Frame,Reference Frame 1,1,1365,
-3.36763,3.13314,-0.549649,µm,Surface,Position Reference Frame,Reference Frame 1,1,1366,
-0.329906,-0.175362,-0.467018,µm,Surface,Position Reference Frame,Reference Frame 1,1,1367,
0.303181,-1.10613,0.396044,µm,Surface,Position Reference Frame,Reference Frame 1,1,1368,
-5.78368,4.83066,0.49263,µm,Surface,Position Reference Frame,Reference Frame 1,1,1369,
-1.38791,0.522488,-0.456718,µm,Surface,Position Reference Frame,Reference Frame 1,1,1370,
3.60332,-4.10979,-0.534371,µm,Surface,Position Reference Frame,Reference Frame 1,1,1371,
-4.11716,3.7651,0.372552,µm,Surface,Position Reference Frame,Reference Frame 1,1,1372,
-0.510796,0.117374,0.534292,µm,Surface,Position Reference Frame,Reference Frame 1,1,1373,
-0.863087,0.342007,-1.35172,µm,Surface,Position Reference Frame,Reference Frame 1,1,1374,
2.79254,-3.26741,0.0812919,µm,Surface,Position Reference Frame,Reference Frame 1,1,1375,
-0.888451,-0.000270844,-0.525527,µm,Surface,Position Reference Frame,Reference Frame 1,1,1377,
-1.84209,0.742691,0.612433,µm,Surface,Position Reference Frame,Reference Frame 1,1,1378,
2.08817,-2.86174,-0.603442,µm,Surface,Position Reference Frame,Reference Frame 1,1,1379,
4.09488,-5.05112,0.223282,µm,Surface,Position Reference Frame,Reference Frame 1,1,1380,
4.67349,-5.59219,0.532738,µm,Surface,Position Reference Frame,Reference Frame 1,1,1381,
-6.06155,5.04778,0.440655,µm,Surface,Position Reference Frame,Reference Frame 1,1,1382,
-5.52502,4.61731,0.49508,µm,Surface,Position Reference Frame,Reference Frame 1,1,1383,
2.88664,-4.2826,0.673557,µm,Surface,Position Reference Frame,Reference Frame 1,1,1384,
-0.234768,-0.882702,0.413282,µm,Surface,Position Reference Frame,Reference Frame 1,1,1385,
-3.94586,3.38279,-0.462492,µm,Surface,Position Reference Frame,Reference Frame 1,1,1386,
0.978127,-1.8213,0.27018,µm,Surface,Position Reference Frame,Reference Frame 1,1,1387,
-0.603443,-0.376308,0.470282,µm,Surface,Position Reference Frame,Reference Frame 1,1,1388,
0.512234,-0.600948,0.100361,µm,Surface,Position Reference Frame,Reference Frame 1,1,1389,
-4.81516,4.09019,0.202144,µm,Surface,Position Reference Frame,Reference Frame 1,1,1390,
-5.2721,4.31308,0.450505,µm,Surface,Position Reference Frame,Reference Frame 1,1,1391,
4.46402,-5.04137,0.358945,µm,Surface,Position Reference Frame,Reference Frame 1,1,1392,
2.88135,-3.93213,0.306289,µm,Surface,Position Reference Frame,Reference Frame 1,1,1393,
-0.202576,-0.895332,-0.162829,µm,Surface,Position Reference Frame,Reference Frame 1,1,1394,
3.18158,-3.88525,-0.632921,µm,Surface,Position Reference Frame,Reference Frame 1,1,1395,
-7.27747,6.07463,0.635239,µm,Surface,Position Reference Frame,Reference Frame 1,1,1396,
-4.25077,3.20131,0.449711,µm,Surface,Position Reference Frame,Reference Frame 1,1,1398,
-0.947666,-0.114517,0.354136,µm,Surface,Position Reference Frame,Reference Frame 1,1,1399,
1.06796,-2.13287,0.0862939,µm,Surface,Position Reference Frame,Reference Frame 1,1,1400,
-3.17745,1.9732,0.486819,µm,Surface,Position Reference Frame,Reference Frame 1,1,1401,
0.0195045,-1.2817,0.445873,µm,Surface,Position Reference Frame,Reference Frame 1,1,1403,
-3.91444,2.81746,-0.592312,µm,Surface,Position Reference Frame,Reference Frame 1,1,1404,
1.8851,-3.20739,0.527288,µm,Surface,Position Reference Frame,Reference Frame 1,1,1405,
-0.158409,-0.680252,-1.3673,µm,Surface,Position Reference Frame,Reference Frame 1,1,1406,
2.48341,-3.56726,-0.972819,µm,Surface,Position Reference Frame,Reference Frame 1,1,1407,
-1.34561,0.561275,-1.28662,µm,Surface,Position Reference Frame,Reference Frame 1,1,1408,
0.957634,-1.42895,-1.17471,µm,Surface,Position Reference Frame,Reference Frame 1,1,1409,
3.84485,-4.7578,0.039603,µm,Surface,Position Reference Frame,Reference Frame 1,1,1410,
3.48309,-4.44586,0.0822692,µm,Surface,Position Reference Frame,Reference Frame 1,1,1411,
-4.57773,3.50699,0.261326,µm,Surface,Position Reference Frame,Reference Frame 1,1,1412,
-0.648251,-0.825554,0.48059,µm,Surface,Position Reference Frame,Reference Frame 1,1,1413,
3.8194,-5.17077,0.59521,µm,Surface,Position Reference Frame,Reference Frame 1,1,1414,
0.583057,-1.53887,0.302523,µm,Surface,Position Reference Frame,Reference Frame 1,1,1415,
1.83773,-2.74015,0.203667,µm,Surface,Position Reference Frame,Reference Frame 1,1,1416,
-1.80834,1.12717,-1.31729,µm,Surface,Position Reference Frame,Reference Frame 1,1,1417,
2.78706,-4.12576,-0.369365,µm,Surface,Position Reference Frame,Reference Frame 1,1,1418,
-4.8636,3.42695,-0.13729,µm,Surface,Position Reference Frame,Reference Frame 1,1,1419,
1.89815,-2.75156,-1.19231,µm,Surface,Position Reference Frame,Reference Frame 1,1,1420,
-6.34747,4.62925,0.476248,µm,Surface,Position Reference Frame,Reference Frame 1,1,1421,
-6.65052,5.21399,0.582677,µm,Surface,Position Reference Frame,Reference Frame 1,1,1422,
-2.54656,1.61584,0.250918,µm,Surface,Position Reference Frame,Reference Frame 1,1,1423,
-7.47981,5.397,0.563282,µm,Surface,Position Reference Frame,Reference Frame 1,1,1424,
-0.437653,-1.37249,0.421882,µm,Surface,Position Reference Frame,Reference Frame 1,1,1425,
-5.64098,3.65339,0.607542,µm,Surface,Position Reference Frame,Reference Frame 1,1,1426,
-5.36671,3.89546,0.360782,µm,Surface,Position Reference Frame,Reference Frame 1,1,1427,
-2.47746,1.45549,-1.09987,µm,Surface,Position Reference Frame,Reference Frame 1,1,1428,
-2.37468,0.875019,-1.27457,µm,Surface,Position Reference Frame,Reference Frame 1,1,1429,
-0.964272,-0.473904,-0.270246,µm,Surface,Position Reference Frame,Reference Frame 1,1,1430,
-3.61983,1.52566,0.516801,µm,Surface,Position Reference Frame,Reference Frame 1,1,1431,
2.35105,-3.81051,0.456247,µm,Surface,Position Reference Frame,Reference Frame 1,1,1432,
-3.69914,2.15268,0.380074,µm,Surface,Position Reference Frame,Reference Frame 1,1,1434,
-2.85131,1.32529,-0.643513,µm,Surface,Position Reference Frame,Reference Frame 1,1,1435,
2.88402,-4.45781,-0.525792,µm,Surface,Position Reference Frame,Reference Frame 1,1,1436,
3.20808,-4.75454,0.0339966,µm,Surface,Position Reference Frame,Reference Frame 1,1,1437,
0.209858,-1.70271,-1.26301,µm,Surface,Position Reference Frame,Reference Frame 1,1,1438,
-3.04561,2.05812,-0.931428,µm,Surface,Position Reference Frame,Reference Frame 1,1,1439,
-5.9533,3.98943,0.516154,µm,Surface,Position Reference Frame,Reference Frame 1,1,1440,
2.32539,-3.91133,-0.879391,µm,Surface,Position Reference Frame,Reference Frame 1,1,1441,
1.2519,-2.26871,-1.26003,µm,Surface,Position Reference Frame,Reference Frame 1,1,1442,
-0.198574,-1.72726,0.347661,µm,Surface,Position Reference Frame,Reference Frame 1,1,1443,
-0.723122,-1.09359,-0.468092,µm,Surface,Position Reference Frame,Reference Frame 1,1,1444,
-1.96078,0.436821,-1.19047,µm,Surface,Position Reference Frame,Reference Frame 1,1,1445,
-8.03403,5.41088,0.633996,µm,Surface,Position Reference Frame,Reference Frame 1,1,1446,
-8.48305,5.85441,0.681616,µm,Surface,Position Reference Frame,Reference Frame 1,1,1447,
-3.52773,1.86227,-0.927393,µm,Surface,Position Reference Frame,Reference Frame 1,1,1448,
-3.92318,1.75141,-0.233256,µm,Surface,Position Reference Frame,Reference Frame 1,1,1449,
-4.86343,3.12294,0.244473,µm,Surface,Position Reference Frame,Reference Frame 1,1,1450,
-0.676949,-0.642849,-1.27389,µm,Surface,Position Reference Frame,Reference Frame 1,1,1451,
-3.98993,2.27748,-0.801718,µm,Surface,Position Reference Frame,Reference Frame 1,1,1453,
-4.02968,1.62712,0.473485,µm,Surface,Position Reference Frame,Reference Frame 1,1,1454,
-0.145763,-2.1675,0.569904,µm,Surface,Position Reference Frame,Reference Frame 1,1,1456,
0.708351,-2.19878,0.0288067,µm,Surface,Position Reference Frame,Reference Frame 1,1,1457,
-4.33415,2.58615,0.39625,µm,Surface,Position Reference Frame,Reference Frame 1,1,1458,
3.0243,-5.17028,0.428624,µm,Surface,Position Reference Frame,Reference Frame 1,1,1459,
-1.74695,0.0733223,-1.20891,µm,Surface,Position Reference Frame,Reference Frame 1,1,1460,
-4.57689,2.728,-0.51126,µm,Surface,Position Reference Frame,Reference Frame 1,1,1461,
3.49524,-5.43674,0.432534,µm,Surface,Position Reference Frame,Reference Frame 1,1,1462,
-3.0871,0.785854,0.548282,µm,Surface,Position Reference Frame,Reference Frame 1,1,1463,
-7.6429,5.08976,0.523282,µm,Surface,Position Reference Frame,Reference Frame 1,1,1464,
1.21408,-3.06254,0.314072,µm,Surface,Position Reference Frame,Reference Frame 1,1,1465,
-6.36859,4.19072,0.378357,µm,Surface,Position Reference Frame,Reference Frame 1,1,1466,
0.344734,-2.55801,0.360223,µm,Surface,Position Reference Frame,Reference Frame 1,1,1467,
3.03867,-5.58992,0.266039,µm,Surface,Position Reference Frame,Reference Frame 1,1,1468,
-1.13247,-1.37076,0.450433,µm,Surface,Position Reference Frame,Reference Frame 1,1,1469,
2.11802,-4.15068,0.0499489,µm,Surface,Position Reference Frame,Reference Frame 1,1,1470,
1.8807,-4.00089,-0.997397,µm,Surface,Position Reference Frame,Reference Frame 1,1,1471,
-2.4899,-0.0711823,0.634769,µm,Surface,Position Reference Frame,Reference Frame 1,1,1472,
-5.56733,3.32815,0.100126,µm,Surface,Position Reference Frame,Reference Frame 1,1,1473,
0.744667,-2.94522,-1.24968,µm,Surface,Position Reference Frame,Reference Frame 1,1,1474,
-1.56223,-1.10351,0.39569,µm,Surface,Position Reference Frame,Reference Frame 1,1,1475,
-1.64753,-0.661034,0.379793,µm,Surface,Position Reference Frame,Reference Frame 1,1,1476,
-4.6775,2.03658,0.501955,µm,Surface,Position Reference Frame,Reference Frame 1,1,1477,
-2.66729,0.43914,0.458692,µm,Surface,Position Reference Frame,Reference Frame 1,1,1478,
-0.440857,-1.43111,-0.690179,µm,Surface,Position Reference Frame,Reference Frame 1,1,1479,
-0.840042,-1.76925,0.454477,µm,Surface,Position Reference Frame,Reference Frame 1,1,1480,
1.11612,-3.36865,-1.05835,µm,Surface,Position Reference Frame,Reference Frame 1,1,1481,
2.64823,-4.7494,0.281422,µm,Surface,Position Reference Frame,Reference Frame 1,1,1482,
1.66281,-3.50415,-0.890259,µm,Surface,Position Reference Frame,Reference Frame 1,1,1483,
-5.98997,3.54173,0.506405,µm,Surface,Position Reference Frame,Reference Frame 1,1,1484,
-1.40269,-0.410156,-1.1847,µm,Surface,Position Reference Frame,Reference Frame 1,1,1485,
1.38773,-3.67722,0.297163,µm,Surface,Position Reference Frame,Reference Frame 1,1,1486,
-5.18883,2.44876,0.476218,µm,Surface,Position Reference Frame,Reference Frame 1,1,1487,
-3.82954,0.988056,0.410254,µm,Surface,Position Reference Frame,Reference Frame 1,1,1488,
-4.39498,1.70045,-0.694384,µm,Surface,Position Reference Frame,Reference Frame 1,1,1489,
-1.9407,-0.372772,-0.139326,µm,Surface,Position Reference Frame,Reference Frame 1,1,1490,
0.58231,-3.27177,0.558332,µm,Surface,Position Reference Frame,Reference Frame 1,1,1491,
-4.93398,1.93826,0.0386934,µm,Surface,Position Reference Frame,Reference Frame 1,1,1492,
0.256306,-2.33479,-1.27446,µm,Surface,Position Reference Frame,Reference Frame 1,1,1493,
-0.224926,-2.00099,-0.898204,µm,Surface,Position Reference Frame,Reference Frame 1,1,1494,
-6.40827,3.65441,0.263746,µm,Surface,Position Reference Frame,Reference Frame 1,1,1495,
2.70543,-5.71992,0.475111,µm,Surface,Position Reference Frame,Reference Frame 1,1,1496,
-2.73388,-0.236988,-0.267934,µm,Surface,Position Reference Frame,Reference Frame 1,1,1497,
1.47269,-4.29915,0.478605,µm,Surface,Position Reference Frame,Reference Frame 1,1,1498,
-0.532928,-2.23526,0.43611,µm,Surface,Position Reference Frame,Reference Frame 1,1,1499,
-1.46861,-0.941498,-0.79861,µm,Surface,Position Reference Frame,Reference Frame 1,1,1500,
-5.48361,2.88099,0.243335,µm,Surface,Position Reference Frame,Reference Frame 1,1,1501,
-7.2047,3.98521,0.537513,µm,Surface,Position Reference Frame,Reference Frame 1,1,1502,
-6.77462,3.52611,0.507898,µm,Surface,Position Reference Frame,Reference Frame 1,1,1505,
0.996265,-4.21154,0.35106,µm,Surface,Position Reference Frame,Reference Frame 1,1,1506,
-1.24382,-1.38121,-0.840979,µm,Surface,Position Reference Frame,Reference Frame 1,1,1507,
2.15241,-4.48529,-0.610218,µm,Surface,Position Reference Frame,Reference Frame 1,1,1509,
-0.319664,-2.81955,0.407931,µm,Surface,Position Reference Frame,Reference Frame 1,1,1510,
1.10205,-3.87618,-1.0563,µm,Surface,Position Reference Frame,Reference Frame 1,1,1511,
-0.0118828,-2.98034,-1.27725,µm,Surface,Position Reference Frame,Reference Frame 1,1,1512,
-2.66488,-0.452984,0.497767,µm,Surface,Position Reference Frame,Reference Frame 1,1,1513,
-4.51735,1.52554,0.511919,µm,Surface,Position Reference Frame,Reference Frame 1,1,1514,
-1.44988,-1.66356,0.526757,µm,Surface,Position Reference Frame,Reference Frame 1,1,1515,
-0.0133247,-2.99943,0.355644,µm,Surface,Position Reference Frame,Reference Frame 1,1,1516,
-1.64585,-1.38962,-0.243689,µm,Surface,Position Reference Frame,Reference Frame 1,1,1517,
-2.28781,-0.961426,0.0210097,µm,Surface,Position Reference Frame,Reference Frame 1,1,1518,
-0.628014,-2.6729,0.556854,µm,Surface,Position Reference Frame,Reference Frame 1,1,1519,
-4.85337,2.17254,-0.483957,µm,Surface,Position Reference Frame,Reference Frame 1,1,1520,
-3.23086,0.694057,-0.967613,µm,Surface,Position Reference Frame,Reference Frame 1,1,1521,
-2.50813,0.0904579,-1.02254,µm,Surface,Position Reference Frame,Reference Frame 1,1,1522,
-9.65019,5.83684,0.648282,µm,Surface,Position Reference Frame,Reference Frame 1,1,1523,
-5.13028,1.60603,0.500782,µm,Surface,Position Reference Frame,Reference Frame 1,1,1524,
-6.19251,3.17543,0.249587,µm,Surface,Position Reference Frame,Reference Frame 1,1,1525,
1.40621,-4.30404,-0.964761,µm,Surface,Position Reference Frame,Reference Frame 1,1,1526,
-3.58932,1.10998,-0.544025,µm,Surface,Position Reference Frame,Reference Frame 1,1,1527,
-3.78465,0.655334,0.474473,µm,Surface,Position Reference Frame,Reference Frame 1,1,1528,
2.25517,-5.94228,0.517248,µm,Surface,Position Reference Frame,Reference Frame 1,1,1529,
-4.03908,1.42104,-0.785964,µm,Surface,Position Reference Frame,Reference Frame 1,1,1530,
-5.66992,2.21503,0.502067,µm,Surface,Position Reference Frame,Reference Frame 1,1,1531,
-3.2634,-0.300449,0.46967,µm,Surface,Position Reference Frame,Reference Frame 1,1,1532,
2.14234,-5.57605,0.51835,µm,Surface,Position Reference Frame,Reference Frame 1,1,1533,
-5.22307,1.94107,-0.305686,µm,Surface,Position Reference Frame,Reference Frame 1,1,1534,
-1.84538,-1.29639,-1.06015,µm,Surface,Position Reference Frame,Reference Frame 1,1,1535,
-0.114872,-3.72505,0.548282,µm,Surface,Position Reference Frame,Reference Frame 1,1,1536,
-7.94021,3.92591,0.555179,µm,Surface,Position Reference Frame,Reference Frame 1,1,1537,
-5.62625,2.22371,-0.39543,µm,Surface,Position Reference Frame,Reference Frame 1,1,1538,
-1.09954,-1.80403,-0.502058,µm,Surface,Position Reference Frame,Reference Frame 1,1,1539,
1.56624,-4.80686,-0.539304,µm,Surface,Position Reference Frame,Reference Frame 1,1,1540,
-5.01036,1.29148,0.170505,µm,Surface,Position Reference Frame,Reference Frame 1,1,1541,
-6.84244,3.12814,0.354794,µm,Surface,Position Reference Frame,Reference Frame 1,1,1542,
-5.96632,2.49199,0.110351,µm,Surface,Position Reference Frame,Reference Frame 1,1,1543,
-1.1548,-2.41782,0.488745,µm,Surface,Position Reference Frame,Reference Frame 1,1,1544,
2.2506,-5.07914,0.228732,µm,Surface,Position Reference Frame,Reference Frame 1,1,1545,
0.742054,-4.06268,-0.526947,µm,Surface,Position Reference Frame,Reference Frame 1,1,1546,
-2.24057,-0.695415,-1.12281,µm,Surface,Position Reference Frame,Reference Frame 1,1,1547,
0.521183,-3.53878,-1.04228,µm,Surface,Position Reference Frame,Reference Frame 1,1,1548,
-6.7493,2.78155,0.588282,µm,Surface,Position Reference Frame,Reference Frame 1,1,1549,
-1.85566,-1.78473,-0.44703,µm,Surface,Position Reference Frame,Reference Frame 1,1,1550,
-4.42361,0.636974,0.430249,µm,Surface,Position Reference Frame,Reference Frame 1,1,1551,
-0.973148,-2.81042,0.359994,µm,Surface,Position Reference Frame,Reference Frame 1,1,1552,
-5.3535,1.26492,0.470268,µm,Surface,Position Reference Frame,Reference Frame 1,1,1553,
-0.869236,-2.22966,-0.687769,µm,Surface,Position Reference Frame,Reference Frame 1,1,1554,
-4.82192,1.03983,0.381802,µm,Surface,Position Reference Frame,Reference Frame 1,1,1555,
1.93525,-6.02088,0.48856,µm,Surface,Position Reference Frame,Reference Frame 1,1,1557,
-2.74462,-0.765366,-1.15572,µm,Surface,Position Reference Frame,Reference Frame 1,1,1558,
0.994247,-4.70964,0.455745,µm,Surface,Position Reference Frame,Reference Frame 1,1,1559,
-2.99679,-0.965332,0.416507,µm,Surface,Position Reference Frame,Reference Frame 1,1,1560,
-7.42953,3.04962,0.500521,µm,Surface,Position Reference Frame,Reference Frame 1,1,1561,
-0.601002,-3.38068,0.555791,µm,Surface,Position Reference Frame,Reference Frame 1,1,1562,
-7.84459,3.54816,0.532441,µm,Surface,Position Reference Frame,Reference Frame 1,1,1563,
1.03714,-5.23739,0.563376,µm,Surface,Position Reference Frame,Reference Frame 1,1,1564,
-8.94284,4.58046,0.601616,µm,Surface,Position Reference Frame,Reference Frame 1,1,1565,
-5.27061,1.40258,-0.543661,µm,Surface,Position Reference Frame,Reference Frame 1,1,1566,
-5.74094,1.76122,-0.367067,µm,Surface,Position Reference Frame,Reference Frame 1,1,1567,
-1.35771,-2.79967,-0.156162,µm,Surface,Position Reference Frame,Reference Frame 1,1,1568,
0.971371,-4.62159,-0.647488,µm,Surface,Position Reference Frame,Reference Frame 1,1,1569,
-1.35058,-3.05927,0.591049,µm,Surface,Position Reference Frame,Reference Frame 1,1,1570,
-3.40499,-0.954464,0.583482,µm,Surface,Position Reference Frame,Reference Frame 1,1,1571,
1.57984,-6.19566,0.552056,µm,Surface,Position Reference Frame,Reference Frame 1,1,1572,
0.367939,-4.24195,-0.925581,µm,Surface,Position Reference Frame,Reference Frame 1,1,1573,
0.277729,-4.24368,0.404692,µm,Surface,Position Reference Frame,Reference Frame 1,1,1574,
-3.64397,-0.680538,0.532003,µm,Surface,Position Reference Frame,Reference Frame 1,1,1575,
-4.20321,0.389801,-0.888584,µm,Surface,Position Reference Frame,Reference Frame 1,1,1576,
-6.43845,2.61618,0.235272,µm,Surface,Position Reference Frame,Reference Frame 1,1,1577,
0.527885,-5.01254,0.237644,µm,Surface,Position Reference Frame,Reference Frame 1,1,1578,
-1.68452,-2.87598,0.503321,µm,Surface,Position Reference Frame,Reference Frame 1,1,1579,
-7.16834,2.72978,0.493989,µm,Surface,Position Reference Frame,Reference Frame 1,1,1580,
-2.33299,-1.5505,-1.03105,µm,Surface,Position Reference Frame,Reference Frame 1,1,1581,
-4.59321,0.315689,0.542711,µm,Surface,Position Reference Frame,Reference Frame 1,1,1582,
0.932751,-5.46512,-0.287925,µm,Surface,Position Reference Frame,Reference Frame 1,1,1583,
-3.98752,-0.0501709,0.192139,µm,Surface,Position Reference Frame,Reference Frame 1,1,1584,
-2.38445,-1.73878,0.499616,µm,Surface,Position Reference Frame,Reference Frame 1,1,1586,
-0.75243,-4.04985,0.579655,µm,Surface,Position Reference Frame,Reference Frame 1,1,1588,
-6.73858,1.93603,0.497832,µm,Surface,Position Reference Frame,Reference Frame 1,1,1589,
-3.51049,-0.181416,-0.955145,µm,Surface,Position Reference Frame,Reference Frame 1,1,1590,
-1.64223,-2.09348,-1.18099,µm,Surface,Position Reference Frame,Reference Frame 1,1,1591,
-5.96781,1.89989,0.25452,µm,Surface,Position Reference Frame,Reference Frame 1,1,1592,
-0.965298,-3.27661,-1.36091,µm,Surface,Position Reference Frame,Reference Frame 1,1,1593,
-2.82749,-1.65167,-0.408735,µm,Surface,Position Reference Frame,Reference Frame 1,1,1594,
-2.3215,-2.44742,-0.81916,µm,Surface,Position Reference Frame,Reference Frame 1,1,1595,
1.52036,-5.35433,0.143996,µm,Surface,Position Reference Frame,Reference Frame 1,1,1596,
-6.24155,1.61654,0.258282,µm,Surface,Position Reference Frame,Reference Frame 1,1,1597,
-3.72198,-0.855644,-1.14281,µm,Surface,Position Reference Frame,Reference Frame 1,1,1598,
-3.0981,-1.64214,0.39003,µm,Surface,Position Reference Frame,Reference Frame 1,1,1599,
-2.30837,-2.23664,-1.08889,µm,Surface,Position Reference Frame,Reference Frame 1,1,1600,
-4.25651,-0.64006,0.212672,µm,Surface,Position Reference Frame,Reference Frame 1,1,1601,
-3.68866,-1.25376,0.4801,µm,Surface,Position Reference Frame,Reference Frame 1,1,1602,
-6.60474,1.73988,0.347282,µm,Surface,Position Reference Frame,Reference Frame 1,1,1603,
-5.7354,0.843685,0.486242,µm,Surface,Position Reference Frame,Reference Frame 1,1,1604,
-6.01873,1.24714,0.370834,µm,Surface,Position Reference Frame,Reference Frame 1,1,1605,
0.615936,-5.36416,-0.404193,µm,Surface,Position Reference Frame,Reference Frame 1,1,1606,
-8.48524,3.28601,0.599393,µm,Surface,Position Reference Frame,Reference Frame 1,1,1607,
-1.33001,-3.50135,0.590004,µm,Surface,Position Reference Frame,Reference Frame 1,1,1608,
-5.51688,1.09503,-0.410294,µm,Surface,Position Reference Frame,Reference Frame 1,1,1609,
-7.0185,2.19009,0.266698,µm,Surface,Position Reference Frame,Reference Frame 1,1,1610,
-4.93648,-0.0326118,-0.222088,µm,Surface,Position Reference Frame,Reference Frame 1,1,1611,
-3.47064,-1.84407,0.575702,µm,Surface,Position Reference Frame,Reference Frame 1,1,1612,
-5.95699,1.00164,-0.46361,µm,Surface,Position Reference Frame,Reference Frame 1,1,1613,
-0.434799,-4.27123,-1.03262,µm,Surface,Position Reference Frame,Reference Frame 1,1,1614,
-1.7174,-3.33446,0.490191,µm,Surface,Position Reference Frame,Reference Frame 1,1,1615,
0.400501,-5.29969,0.559069,µm,Surface,Position Reference Frame,Reference Frame 1,1,1617,
-6.29995,0.923912,0.549387,µm,Surface,Position Reference Frame,Reference Frame 1,1,1618,
-7.58095,2.3585,0.511397,µm,Surface,Position Reference Frame,Reference Frame 1,1,1619,
-0.361916,-4.51436,0.351606,µm,Surface,Position Reference Frame,Reference Frame 1,1,1620,
-2.97131,-2.47419,0.58101,µm,Surface,Position Reference Frame,Reference Frame 1,1,1621,
-4.0619,-0.591778,-0.937655,µm,Surface,Position Reference Frame,Reference Frame 1,1,1622,
-0.558075,-2.88408,-0.914392,µm,Surface,Position Reference Frame,Reference Frame 1,1,1623,
-1.53298,-3.44337,-1.38083,µm,Surface,Position Reference Frame,Reference Frame 1,1,1624,
-5.71144,0.68309,-0.487012,µm,Surface,Position Reference Frame,Reference Frame 1,1,1625,
-5.47148,0.675537,0.433036,µm,Surface,Position Reference Frame,Reference Frame 1,1,1626,
0.997925,-5.95159,0.363975,µm,Surface,Position Reference Frame,Reference Frame 1,1,1627,
-0.0697021,-4.93485,-0.655718,µm,Surface,Position Reference Frame,Reference Frame 1,1,1629,
-8.0389,2.6004,0.543404,µm,Surface,Position Reference Frame,Reference Frame 1,1,1631,
0.323822,-4.83008,-0.369677,µm,Surface,Position Reference Frame,Reference Frame 1,1,1632,
-4.64488,-0.202511,-0.738218,µm,Surface,Position Reference Frame,Reference Frame 1,1,1633,
-0.914421,-4.74087,0.576718,µm,Surface,Position Reference Frame,Reference Frame 1,1,1634,
-8.75595,3.56608,0.542664,µm,Surface,Position Reference Frame,Reference Frame 1,1,1635,
-4.20753,-1.0764,0.405933,µm,Surface,Position Reference Frame,Reference Frame 1,1,1636,
-7.21001,1.71652,0.260499,µm,Surface,Position Reference Frame,Reference Frame 1,1,1637,
0.614761,-6.39912,0.600619,µm,Surface,Position Reference Frame,Reference Frame 1,1,1638,
-5.33651,-0.517609,0.513939,µm,Surface,Position Reference Frame,Reference Frame 1,1,1639,
-5.43261,0.291302,-0.534886,µm,Surface,Position Reference Frame,Reference Frame 1,1,1640,
-3.11777,-1.85254,-1.23843,µm,Surface,Position Reference Frame,Reference Frame 1,1,1641,
-8.53607,2.32249,0.638758,µm,Surface,Position Reference Frame,Reference Frame 1,1,1642,
-4.4313,-1.75318,0.581615,µm,Surface,Position Reference Frame,Reference Frame 1,1,1643,
-7.96254,2.17148,0.326854,µm,Surface,Position Reference Frame,Reference Frame 1,1,1644,
-6.53543,0.646881,0.507201,µm,Surface,Position Reference Frame,Reference Frame 1,1,1645,
-0.930012,-4.88701,-0.229318,µm,Surface,Position Reference Frame,Reference Frame 1,1,1646,
-1.00603,-4.08907,-0.83547,µm,Surface,Position Reference Frame,Reference Frame 1,1,1647,
-2.16122,-4.03726,0.558996,µm,Surface,Position Reference Frame,Reference Frame 1,1,1648,
-4.65508,-0.754444,-0.946718,µm,Surface,Position Reference Frame,Reference Frame 1,1,1649,
-1.79378,-3.78625,-1.1725,µm,Surface,Position Reference Frame,Reference Frame 1,1,1650,
-2.27444,-2.98897,-1.16382,µm,Surface,Position Reference Frame,Reference Frame 1,1,1651,
-9.03305,2.85759,0.569559,µm,Surface,Position Reference Frame,Reference Frame 1,1,1652,
-2.43533,-2.76106,0.424543,µm,Surface,Position Reference Frame,Reference Frame 1,1,1653,
-6.46052,0.734615,-0.391043,µm,Surface,Position Reference Frame,Reference Frame 1,1,1655,
-6.12935,0.252361,0.407299,µm,Surface,Position Reference Frame,Reference Frame 1,1,1656,
-7.56671,1.83365,0.388205,µm,Surface,Position Reference Frame,Reference Frame 1,1,1657,
-0.467201,-5.31886,-0.469575,µm,Surface,Position Reference Frame,Reference Frame 1,1,1658,
-5.96665,-0.192463,0.533092,µm,Surface,Position Reference Frame,Reference Frame 1,1,1659,
-2.52129,-3.60307,0.522389,µm,Surface,Position Reference Frame,Reference Frame 1,1,1660,
-2.02773,-3.55354,0.0144587,µm,Surface,Position Reference Frame,Reference Frame 1,1,1661,
-8.08334,1.79438,0.590518,µm,Surface,Position Reference Frame,Reference Frame 1,1,1662,
-5.26834,-0.15609,0.109158,µm,Surface,Position Reference Frame,Reference Frame 1,1,1663,
-3.77195,-1.34943,-1.13252,µm,Surface,Position Reference Frame,Reference Frame 1,1,1664,
-3.39484,-2.39677,0.523001,µm,Surface,Position Reference Frame,Reference Frame 1,1,1665,
-0.0514832,-5.58622,0.0780783,µm,Surface,Position Reference Frame,Reference Frame 1,1,1666,
0.308163,-5.9737,0.219073,µm,Surface,Position Reference Frame,Reference Frame 1,1,1667,
-6.77873,1.26696,0.0498517,µm,Surface,Position Reference Frame,Reference Frame 1,1,1668,
-1.42007,-4.33008,-0.675316,µm,Surface,Position Reference Frame,Reference Frame 1,1,1669,
-4.80433,-1.34385,0.52698,µm,Surface,Position Reference Frame,Reference Frame 1,1,1670,
-0.591389,-5.506,0.43199,µm,Surface,Position Reference Frame,Reference Frame 1,1,1671,
-2.79279,-2.92329,-1.20013,µm,Surface,Position Reference Frame,Reference Frame 1,1,1672,
-3.09657,-3.17489,-0.278133,µm,Surface,Position Reference Frame,Reference Frame 1,1,1673,
-3.18677,-2.48111,-0.983116,µm,Surface,Position Reference Frame,Reference Frame 1,1,1674,
-3.22875,-3.21413,0.533431,µm,Surface,Position Reference Frame,Reference Frame 1,1,1675,
-4.89118,-1.19781,-0.939218,µm,Surface,Position Reference Frame,Reference Frame 1,1,1676,
-3.76335,-1.99417,-1.1998,µm,Surface,Position Reference Frame,Reference Frame 1,1,1677,
-5.12734,-0.807224,0.364949,µm,Surface,Position Reference Frame,Reference Frame 1,1,1678,
-3.73621,-2.2846,-0.722811,µm,Surface,Position Reference Frame,Reference Frame 1,1,1679,
-0.898396,-4.89165,-0.868512,µm,Surface,Position Reference Frame,Reference Frame 1,1,1681,
-1.01968,-5.23086,0.406701,µm,Surface,Position Reference Frame,Reference Frame 1,1,1682,
-5.88976,-0.992306,0.595091,µm,Surface,Position Reference Frame,Reference Frame 1,1,1684,
-5.96346,-0.696869,0.500663,µm,Surface,Position Reference Frame,Reference Frame 1,1,1685,
-2.91261,-3.73584,0.395416,µm,Surface,Position Reference Frame,Reference Frame 1,1,1686,
-7.33698,0.903957,0.115328,µm,Surface,Position Reference Frame,Reference Frame 1,1,1687,
-1.45238,-5.20428,0.247442,µm,Surface,Position Reference Frame,Reference Frame 1,1,1688,
-4.09451,-2.23188,-1.22772,µm,Surface,Position Reference Frame,Reference Frame 1,1,1689,
-6.22077,0.168285,-0.511633,µm,Surface,Position Reference Frame,Reference Frame 1,1,1690,
-8.39904,1.57087,0.558038,µm,Surface,Position Reference Frame,Reference Frame 1,1,1691,
-2.58424,-3.95972,-0.432739,µm,Surface,Position Reference Frame,Reference Frame 1,1,1692,
-0.440277,-6.02508,0.173056,µm,Surface,Position Reference Frame,Reference Frame 1,1,1693,
-9.57916,2.96312,0.507541,µm,Surface,Position Reference Frame,Reference Frame 1,1,1694,
-2.79992,-3.44135,-0.854508,µm,Surface,Position Reference Frame,Reference Frame 1,1,1695,
-0.534664,-6.69087,0.581615,µm,Surface,Position Reference Frame,Reference Frame 1,1,1696,
-7.64212,1.17739,0.204718,µm,Surface,Position Reference Frame,Reference Frame 1,1,1697,
-0.911991,-5.5475,-0.377218,µm,Surface,Position Reference Frame,Reference Frame 1,1,1698,
-6.99914,0.580326,0.191834,µm,Surface,Position Reference Frame,Reference Frame 1,1,1700,
-3.4935,-2.93375,-1.07684,µm,Surface,Position Reference Frame,Reference Frame 1,1,1701,
-5.34606,-0.925533,-0.769481,µm,Surface,Position Reference Frame,Reference Frame 1,1,1702,
-1.30797,-5.60526,0.0330281,µm,Surface,Position Reference Frame,Reference Frame 1,1,1703,
-3.40991,-3.56845,0.517954,µm,Surface,Position Reference Frame,Reference Frame 1,1,1704,
-5.17477,-1.40477,-0.460809,µm,Surface,Position Reference Frame,Reference Frame 1,1,1705,
-1.51762,-5.06191,-0.785051,µm,Surface,Position Reference Frame,Reference Frame 1,1,1706,
-0.424999,-6.46394,0.450846,µm,Surface,Position Reference Frame,Reference Frame 1,1,1707,
-9.15942,1.95675,0.599895,µm,Surface,Position Reference Frame,Reference Frame 1,1,1708,
-8.04749,1.34208,0.37322,µm,Surface,Position Reference Frame,Reference Frame 1,1,1709,
-4.34144,-2.68179,0.193737,µm,Surface,Position Reference Frame,Reference Frame 1,1,1710,
-4.59626,-2.42076,0.439919,µm,Surface,Position Reference Frame,Reference Frame 1,1,1711,
-3.88394,-2.66032,-1.13569,µm,Surface,Position Reference Frame,Reference Frame 1,1,1712,
-0.934357,-5.98598,0.233198,µm,Surface,Position Reference Frame,Reference Frame 1,1,1714,
-5.48978,-1.49968,0.489373,µm,Surface,Position Reference Frame,Reference Frame 1,1,1715,
-9.47262,1.97719,0.554164,µm,Surface,Position Reference Frame,Reference Frame 1,1,1716,
-3.40395,-3.98003,0.433417,µm,Surface,Position Reference Frame,Reference Frame 1,1,1717,
-2.25628,-4.01324,-1.11099,µm,Surface,Position Reference Frame,Reference Frame 1,1,1719,
-10.0774,2.33247,0.602828,µm,Surface,Position Reference Frame,Reference Frame 1,1,1720,
-9.63166,2.17663,0.626407,µm,Surface,Position Reference Frame,Reference Frame 1,1,1721,
-0.951138,-6.47807,0.420007,µm,Surface,Position Reference Frame,Reference Frame 1,1,1722,
-4.7113,-2.26429,-1.28893,µm,Surface,Position Reference Frame,Reference Frame 1,1,1723,
-7.51717,0.304886,0.218822,µm,Surface,Position Reference Frame,Reference Frame 1,1,1724,
-4.77384,-2.86849,0.497488,µm,Surface,Position Reference Frame,Reference Frame 1,1,1725,
-2.01475,-4.80746,-0.785051,µm,Surface,Position Reference Frame,Reference Frame 1,1,1726,
-1.61088,-5.58538,-0.396684,µm,Surface,Position Reference Frame,Reference Frame 1,1,1727,
-6.85855,0.00434113,0.235735,µm,Surface,Position Reference Frame,Reference Frame 1,1,1728,
-1.93732,-5.36458,-0.670362,µm,Surface,Position Reference Frame,Reference Frame 1,1,1729,
-4.08972,-3.17347,0.433495,µm,Surface,Position Reference Frame,Reference Frame 1,1,1730,
-7.16681,-0.0554733,-0.0346124,µm,Surface,Position Reference Frame,Reference Frame 1,1,1731,
-3.17382,-4.24556,-0.640607,µm,Surface,Position Reference Frame,Reference Frame 1,1,1732,
-1.31543,-6.52323,0.493282,µm,Surface,Position Reference Frame,Reference Frame 1,1,1733,
-9.51578,1.44964,0.552828,µm,Surface,Position Reference Frame,Reference Frame 1,1,1734,
-2.13079,-4.33308,0.228592,µm,Surface,Position Reference Frame,Reference Frame 1,1,1735,
-1.97735,-5.15768,0.406387,µm,Surface,Position Reference Frame,Reference Frame 1,1,1736,
-4.12475,-3.59141,-0.62221,µm,Surface,Position Reference Frame,Reference Frame 1,1,1737,
-11.2717,2.9296,0.652282,µm,Surface,Position Reference Frame,Reference Frame 1,1,1738,
-1.4411,-6.02649,0.0915318,µm,Surface,Position Reference Frame,Reference Frame 1,1,1739,
-4.57106,-2.80783,-1.15529,µm,Surface,Position Reference Frame,Reference Frame 1,1,1740,
-1.97783,-5.71532,-0.169269,µm,Surface,Position Reference Frame,Reference Frame 1,1,1741,
-2.75363,-5.00029,0.543584,µm,Surface,Position Reference Frame,Reference Frame 1,1,1742,
-6.10474,-1.30841,-0.77612,µm,Surface,Position Reference Frame,Reference Frame 1,1,1743,
-6.58439,-0.551807,0.511428,µm,Surface,Position Reference Frame,Reference Frame 1,1,1744,
-7.95816,0.471966,0.337058,µm,Surface,Position Reference Frame,Reference Frame 1,1,1745,
-6.61272,-1.44712,0.432066,µm,Surface,Position Reference Frame,Reference Frame 1,1,1746,
-8.55585,0.985195,0.453149,µm,Surface,Position Reference Frame,Reference Frame 1,1,1747,
-5.16001,-2.68639,0.424782,µm,Surface,Position Reference Frame,Reference Frame 1,1,1748,
-2.22441,-5.77656,0.402983,µm,Surface,Position Reference Frame,Reference Frame 1,1,1749,
-6.85134,-1.01956,0.496379,µm,Surface,Position Reference Frame,Reference Frame 1,1,1750,
-7.13329,-0.675106,-0.0631342,µm,Surface,Position Reference Frame,Reference Frame 1,1,1751,
-1.79197,-6.27348,0.43689,µm,Surface,Position Reference Frame,Reference Frame 1,1,1754,
-10.5798,1.96886,0.460282,µm,Surface,Position Reference Frame,Reference Frame 1,1,1755,
-3.94492,-3.85689,0.361185,µm,Surface,Position Reference Frame,Reference Frame 1,1,1757,
-5.45994,-1.95401,-1.01326,µm,Surface,Position Reference Frame,Reference Frame 1,1,1758,
-3.2697,-4.5435,0.376657,µm,Surface,Position Reference Frame,Reference Frame 1,1,1759,
-2.43161,-5.225,-0.717915,µm,Surface,Position Reference Frame,Reference Frame 1,1,1760,
-6.1406,-1.68695,0.360874,µm,Surface,Position Reference Frame,Reference Frame 1,1,1761,
-3.28192,-4.625,-0.862144,µm,Surface,Position Reference Frame,Reference Frame 1,1,1762,
-6.77653,-1.05579,-0.576201,µm,Surface,Position Reference Frame,Reference Frame 1,1,1765,
-2.03993,-6.58813,0.580282,µm,Surface,Position Reference Frame,Reference Frame 1,1,1766,
-8.51302,0.497498,0.391164,µm,Surface,Position Reference Frame,Reference Frame 1,1,1767,
-4.79522,-3.46442,0.585187,µm,Surface,Position Reference Frame,Reference Frame 1,1,1768,
-7.54556,-0.287674,0.205062,µm,Surface,Position Reference Frame,Reference Frame 1,1,1769,
-9.02249,0.518303,0.476372,µm,Surface,Position Reference Frame,Reference Frame 1,1,1770,
-2.203,-6.11027,-0.0151105,µm,Surface,Position Reference Frame,Reference Frame 1,1,1771,
-8.23176,-0.00703049,0.254757,µm,Surface,Position Reference Frame,Reference Frame 1,1,1772,
-7.77649,-0.561653,-0.220888,µm,Surface,Position Reference Frame,Reference Frame 1,1,1773,
-9.38751,0.923233,0.566784,µm,Surface,Position Reference Frame,Reference Frame 1,1,1774,
-9.85777,0.98035,0.602014,µm,Surface,Position Reference Frame,Reference Frame 1,1,1775,
-6.75365,-1.87428,0.564872,µm,Surface,Position Reference Frame,Reference Frame 1,1,1776,
-5.76477,-2.50335,0.310754,µm,Surface,Position Reference Frame,Reference Frame 1,1,1777,
-5.12772,-2.85344,-1.05278,µm,Surface,Position Reference Frame,Reference Frame 1,1,1778,
-4.12219,-3.42095,-1.00774,µm,Surface,Position Reference Frame,Reference Frame 1,1,1779,
-3.90227,-4.92321,0.486628,µm,Surface,Position Reference Frame,Reference Frame 1,1,1780,
-4.53951,-3.83047,0.340949,µm,Surface,Position Reference Frame,Reference Frame 1,1,1781,
-6.43144,-2.2929,0.438205,µm,Surface,Position Reference Frame,Reference Frame 1,1,1782,
-7.02417,-1.46113,0.407696,µm,Surface,Position Reference Frame,Reference Frame 1,1,1783,
-5.64481,-3.02026,0.304768,µm,Surface,Position Reference Frame,Reference Frame 1,1,1784,
-7.58371,-1.22414,0.690451,µm,Surface,Position Reference Frame,Reference Frame 1,1,1785,
-2.8915,-5.52505,-0.485718,µm,Surface,Position Reference Frame,Reference Frame 1,1,1788,
-4.99224,-3.40221,-0.900478,µm,Surface,Position Reference Frame,Reference Frame 1,1,1789,
-3.30196,-5.13786,0.329152,µm,Surface,Position Reference Frame,Reference Frame 1,1,1790,
-6.04686,-2.75417,0.402738,µm,Surface,Position Reference Frame,Reference Frame 1,1,1791,
-5.16808,-3.68624,0.427943,µm,Surface,Position Reference Frame,Reference Frame 1,1,1792,
-7.35448,-1.15972,0.0183804,µm,Surface,Position Reference Frame,Reference Frame 1,1,1793,
-3.26778,-5.45117,-0.44431,µm,Surface,Position Reference Frame,Reference Frame 1,1,1794,
-8.04182,-0.494358,0.223102,µm,Surface,Position Reference Frame,Reference Frame 1,1,1795,
-2.6417,-5.58673,0.193166,µm,Surface,Position Reference Frame,Reference Frame 1,1,1796,
-5.61837,-2.77055,-0.840211,µm,Surface,Position Reference Frame,Reference Frame 1,1,1797,
-4.8413,-4.18219,0.176854,µm,Surface,Position Reference Frame,Reference Frame 1,1,1798,
-4.30145,-4.09514,-0.998593,µm,Surface,Position Reference Frame,Reference Frame 1,1,1799,
-8.39395,-0.520245,0.354265,µm,Surface,Position Reference Frame,Reference Frame 1,1,1800,
-8.6792,-0.159374,0.270651,µm,Surface,Position Reference Frame,Reference Frame 1,1,1802,
-6.10244,-3.1167,0.622727,µm,Surface,Position Reference Frame,Reference Frame 1,1,1804,
-3.75571,-4.52461,-0.838032,µm,Surface,Position Reference Frame,Reference Frame 1,1,1805,
-2.74921,-6.14779,0.489573,µm,Surface,Position Reference Frame,Reference Frame 1,1,1807,
-3.48207,-5.15341,-0.718985,µm,Surface,Position Reference Frame,Reference Frame 1,1,1808,
-6.87559,-2.33081,0.510444,µm,Surface,Position Reference Frame,Reference Frame 1,1,1811,
-6.25528,-2.6871,-0.574218,µm,Surface,Position Reference Frame,Reference Frame 1,1,1812,
-5.56397,-3.78434,0.633997,µm,Surface,Position Reference Frame,Reference Frame 1,1,1813,
-4.70283,-4.16397,-0.877621,µm,Surface,Position Reference Frame,Reference Frame 1,1,1814,
-6.3372,-2.05767,-0.676493,µm,Surface,Position Reference Frame,Reference Frame 1,1,1815,
-8.54537,-0.75729,0.284537,µm,Surface,Position Reference Frame,Reference Frame 1,1,1816,
-10.4848,1.12877,0.553367,µm,Surface,Position Reference Frame,Reference Frame 1,1,1817,
-7.8488,-0.944675,0.361232,µm,Surface,Position Reference Frame,Reference Frame 1,1,1818,
-5.77579,-3.5111,0.377635,µm,Surface,Position Reference Frame,Reference Frame 1,1,1819,
-9.26062,0.0914574,0.407246,µm,Surface,Position Reference Frame,Reference Frame 1,1,1820,
-8.05832,-1.23438,0.0756135,µm,Surface,Position Reference Frame,Reference Frame 1,1,1821,
-2.63213,-6.46311,0.37278,µm,Surface,Position Reference Frame,Reference Frame 1,1,1822,
-5.33248,-3.96684,-0.812348,µm,Surface,Position Reference Frame,Reference Frame 1,1,1824,
-7.48151,-1.65619,0.0957088,µm,Surface,Position Reference Frame,Reference Frame 1,1,1826,
-4.64611,-4.544,0.355522,µm,Surface,Position Reference Frame,Reference Frame 1,1,1827,
-3.5183,-5.66551,0.00343919,µm,Surface,Position Reference Frame,Reference Frame 1,1,1828,
-3.20514,-6.05883,0.124848,µm,Surface,Position Reference Frame,Reference Frame 1,1,1829,
-3.97676,-5.21895,-0.0664721,µm,Surface,Position Reference Frame,Reference Frame 1,1,1830,
-4.40033,-4.72941,-0.697565,µm,Surface,Position Reference Frame,Reference Frame 1,1,1831,
-4.98902,-4.48766,-0.559218,µm,Surface,Position Reference Frame,Reference Frame 1,1,1832,
-7.14051,-1.94075,0.0635109,µm,Surface,Position Reference Frame,Reference Frame 1,1,1833,
-5.6496,-3.4421,-0.637703,µm,Surface,Position Reference Frame,Reference Frame 1,1,1834,
-6.88533,-2.63177,-0.0541971,µm,Surface,Position Reference Frame,Reference Frame 1,1,1835,
-9.283,-0.363441,0.467666,µm,Surface,Position Reference Frame,Reference Frame 1,1,1836,
-7.71935,-2.02402,-0.0606525,µm,Surface,Position Reference Frame,Reference Frame 1,1,1837,
-7.34938,-2.43902,-0.0441296,µm,Surface,Position Reference Frame,Reference Frame 1,1,1838,
-3.88913,-5.73934,0.409596,µm,Surface,Position Reference Frame,Reference Frame 1,1,1839,
-3.29646,-7.21017,0.619393,µm,Surface,Position Reference Frame,Reference Frame 1,1,1841,
-8.05495,-1.62754,0.392563,µm,Surface,Position Reference Frame,Reference Frame 1,1,1842,
-3.5643,-6.22159,0.444427,µm,Surface,Position Reference Frame,Reference Frame 1,1,1843,
-6.45883,-3.00924,-0.0918896,µm,Surface,Position Reference Frame,Reference Frame 1,1,1844,
-3.39657,-6.69662,0.570301,µm,Surface,Position Reference Frame,Reference Frame 1,1,1845,
-6.35868,-3.53322,0.124418,µm,Surface,Position Reference Frame,Reference Frame 1,1,1846,
-9.4934,-0.729324,0.452747,µm,Surface,Position Reference Frame,Reference Frame 1,1,1847,
-5.11689,-5.2002,0.745798,µm,Surface,Position Reference Frame,Reference Frame 1,1,1848,
-8.93658,-0.864044,0.320885,µm,Surface,Position Reference Frame,Reference Frame 1,1,1849,
-4.33612,-5.85681,0.296145,µm,Surface,Position Reference Frame,Reference Frame 1,1,1850,
-6.69954,-3.66774,0.755013,µm,Surface,Position Reference Frame,Reference Frame 1,1,1851,
-11.0952,0.456253,0.665524,µm,Surface,Position Reference Frame,Reference Frame 1,1,1852,
-4.31115,-5.25815,-0.154582,µm,Surface,Position Reference Frame,Reference Frame 1,1,1853,
-10.6846,0.695648,0.585851,µm,Surface,Position Reference Frame,Reference Frame 1,1,1854,
-8.3067,-1.87457,0.0970628,µm,Surface,Position Reference Frame,Reference Frame 1,1,1855,
-6.21954,-3.81673,-0.490811,µm,Surface,Position Reference Frame,Reference Frame 1,1,1856,
-5.53127,-4.20688,-0.265634,µm,Surface,Position Reference Frame,Reference Frame 1,1,1857,
-12.4395,1.38428,0.576854,µm,Surface,Position Reference Frame,Reference Frame 1,1,1858,
-4.90501,-4.98072,0.0218549,µm,Surface,Position Reference Frame,Reference Frame 1,1,1860,
-6.8168,-3.3655,0.0500896,µm,Surface,Position Reference Frame,Reference Frame 1,1,1861,
-10.4862,-0.520435,0.657373,µm,Surface,Position Reference Frame,Reference Frame 1,1,1862,
-9.88547,-0.337708,0.501483,µm,Surface,Position Reference Frame,Reference Frame 1,1,1863,
-3.82455,-6.95687,0.497745,µm,Surface,Position Reference Frame,Reference Frame 1,1,1864,
-8.8557,-1.30215,0.299346,µm,Surface,Position Reference Frame,Reference Frame 1,1,1865,
-9.3861,-1.45998,0.260926,µm,Surface,Position Reference Frame,Reference Frame 1,1,1866,
-10.1046,-0.801651,0.563047,µm,Surface,Position Reference Frame,Reference Frame 1,1,1867,
-7.7671,-2.77051,0.075799,µm,Surface,Position Reference Frame,Reference Frame 1,1,1868,
-6.04974,-4.2325,0.342606,µm,Surface,Position Reference Frame,Reference Frame 1,1,1869,
-6.48525,-4.26955,0.718536,µm,Surface,Position Reference Frame,Reference Frame 1,1,1870,
-4.54384,-6.26087,0.135819,µm,Surface,Position Reference Frame,Reference Frame 1,1,1871,
-8.64089,-1.98906,0.224319,µm,Surface,Position Reference Frame,Reference Frame 1,1,1872,
-4.06092,-6.43624,0.213741,µm,Surface,Position Reference Frame,Reference Frame 1,1,1873,
-7.40998,-3.05595,0.121164,µm,Surface,Position Reference Frame,Reference Frame 1,1,1874,
-7.32427,-3.48046,0.37212,µm,Surface,Position Reference Frame,Reference Frame 1,1,1875,
-6.55905,-4.39537,-0.285324,µm,Surface,Position Reference Frame,Reference Frame 1,1,1876,
-9.68033,-1.21581,0.256775,µm,Surface,Position Reference Frame,Reference Frame 1,1,1877,
-5.60683,-4.75245,0.0920064,µm,Surface,Position Reference Frame,Reference Frame 1,1,1878,
-8.16636,-2.42307,0.278201,µm,Surface,Position Reference Frame,Reference Frame 1,1,1879,
-8.93428,-1.98666,0.0822189,µm,Surface,Position Reference Frame,Reference Frame 1,1,1880,
-4.86794,-6.03601,0.520986,µm,Surface,Position Reference Frame,Reference Frame 1,1,1882,
-5.98957,-5.07106,-0.292459,µm,Surface,Position Reference Frame,Reference Frame 1,1,1883,
-8.99494,-2.33082,0.44059,µm,Surface,Position Reference Frame,Reference Frame 1,1,1884,
-6.95178,-3.89808,0.00184917,µm,Surface,Position Reference Frame,Reference Frame 1,1,1885,
-4.57251,-7.00061,0.52861,µm,Surface,Position Reference Frame,Reference Frame 1,1,1886,
-8.02411,-3.28858,0.353772,µm,Surface,Position Reference Frame,Reference Frame 1,1,1887,
-5.09109,-6.30311,-0.105511,µm,Surface,Position Reference Frame,Reference Frame 1,1,1888,
-5.44925,-5.3139,-0.00892043,µm,Surface,Position Reference Frame,Reference Frame 1,1,1889,
-11.2905,-0.663017,0.625205,µm,Surface,Position Reference Frame,Reference Frame 1,1,1890,
-4.97202,-5.65921,0.0336096,µm,Surface,Position Reference Frame,Reference Frame 1,1,1891,
-5.3613,-5.96544,0.565904,µm,Surface,Position Reference Frame,Reference Frame 1,1,1893,
-11.8503,0.312344,0.582765,µm,Surface,Position Reference Frame,Reference Frame 1,1,1894,
-9.29534,-1.87249,0.389031,µm,Surface,Position Reference Frame,Reference Frame 1,1,1895,
-10.8395,-1.1078,0.593395,µm,Surface,Position Reference Frame,Reference Frame 1,1,1898,
-8.27077,-2.96094,0.309111,µm,Surface,Position Reference Frame,Reference Frame 1,1,1899,
-5.84521,-5.62571,-0.303494,µm,Surface,Position Reference Frame,Reference Frame 1,1,1900,
-7.31053,-4.20748,-0.0577378,µm,Surface,Position Reference Frame,Reference Frame 1,1,1901,
-6.4456,-4.85919,0.11548,µm,Surface,Position Reference Frame,Reference Frame 1,1,1902,
-9.42158,-2.31422,0.175188,µm,Surface,Position Reference Frame,Reference Frame 1,1,1903,
-7.03356,-4.58019,-0.0166492,µm,Surface,Position Reference Frame,Reference Frame 1,1,1905,
-9.781,-1.79524,0.508913,µm,Surface,Position Reference Frame,Reference Frame 1,1,1907,
-8.72739,-3.15486,0.436533,µm,Surface,Position Reference Frame,Reference Frame 1,1,1911,
-7.72079,-3.83544,0.189466,µm,Surface,Position Reference Frame,Reference Frame 1,1,1912,
-5.10288,-7.13869,0.596767,µm,Surface,Position Reference Frame,Reference Frame 1,1,1913,
-6.18034,-5.48659,0.38501,µm,Surface,Position Reference Frame,Reference Frame 1,1,1914,
-12.3407,-0.227295,0.593997,µm,Surface,Position Reference Frame,Reference Frame 1,1,1915,
-10.2209,-1.68242,0.4854,µm,Surface,Position Reference Frame,Reference Frame 1,1,1916,
-8.555,-3.51963,0.177992,µm,Surface,Position Reference Frame,Reference Frame 1,1,1918,
-7.63421,-4.39371,0.510707,µm,Surface,Position Reference Frame,Reference Frame 1,1,1919,
-9.2008,-2.84045,0.316828,µm,Surface,Position Reference Frame,Reference Frame 1,1,1920,
-5.59848,-6.22373,0.293023,µm,Surface,Position Reference Frame,Reference Frame 1,1,1921,
-7.33123,-4.89399,0.349141,µm,Surface,Position Reference Frame,Reference Frame 1,1,1922,
-11.1864,-1.28448,0.620571,µm,Surface,Position Reference Frame,Reference Frame 1,1,1923,
-8.1815,-4.04491,0.204631,µm,Surface,Position Reference Frame,Reference Frame 1,1,1924,
-12.7662,0.164829,0.58606,µm,Surface,Position Reference Frame,Reference Frame 1,1,1925,
-10.1781,-2.39991,0.408617,µm,Surface,Position Reference Frame,Reference Frame 1,1,1926,
-6.75903,-5.74772,0.287089,µm,Surface,Position Reference Frame,Reference Frame 1,1,1928,
-6.02251,-6.33573,0.516733,µm,Surface,Position Reference Frame,Reference Frame 1,1,1929,
-6.78488,-5.18131,0.108613,µm,Surface,Position Reference Frame,Reference Frame 1,1,1930,
-6.3079,-5.90206,-0.00773621,µm,Surface,Position Reference Frame,Reference Frame 1,1,1931,
-10.4254,-2.08051,0.505534,µm,Surface,Position Reference Frame,Reference Frame 1,1,1932,
-5.21307,-6.77664,0.34483,µm,Surface,Position Reference Frame,Reference Frame 1,1,1933,
-7.69781,-4.80339,0.19307,µm,Surface,Position Reference Frame,Reference Frame 1,1,1934,
-9.76482,-2.6004,0.352699,µm,Surface,Position Reference Frame,Reference Frame 1,1,1936,
-7.58201,-5.10445,0.0297637,µm,Surface,Position Reference Frame,Reference Frame 1,1,1937,
-8.89894,-3.81747,0.252323,µm,Surface,Position Reference Frame,Reference Frame 1,1,1940,
-6.47739,-6.28178,0.232359,µm,Surface,Position Reference Frame,Reference Frame 1,1,1941,
-11.6018,-1.45499,0.591282,µm,Surface,Position Reference Frame,Reference Frame 1,1,1942,
-8.46156,-4.6361,0.506274,µm,Surface,Position Reference Frame,Reference Frame 1,1,1943,
-12.1242,-1.37621,0.56733,µm,Surface,Position Reference Frame,Reference Frame 1,1,1944,
-6.87367,-6.1489,0.383539,µm,Surface,Position Reference Frame,Reference Frame 1,1,1945,
-5.95272,-7.32387,0.428282,µm,Surface,Position Reference Frame,Reference Frame 1,1,1946,
-6.68142,-6.53211,0.662478,µm,Surface,Position Reference Frame,Reference Frame 1,1,1949,
-8.10111,-4.66143,0.173137,µm,Surface,Position Reference Frame,Reference Frame 1,1,1950,
-10.9652,-1.80574,0.470855,µm,Surface,Position Reference Frame,Reference Frame 1,1,1951,
-7.22969,-5.56837,0.215843,µm,Surface,Position Reference Frame,Reference Frame 1,1,1952,
-11.8382,-1.84977,0.604658,µm,Surface,Position Reference Frame,Reference Frame 1,1,1953,
-7.98569,-5.32255,0.361036,µm,Surface,Position Reference Frame,Reference Frame 1,1,1954,
-8.4355,-5.06328,0.403237,µm,Surface,Position Reference Frame,Reference Frame 1,1,1957,
-8.71201,-4.18844,0.233604,µm,Surface,Position Reference Frame,Reference Frame 1,1,1958,
-7.06495,-6.79622,0.681946,µm,Surface,Position Reference Frame,Reference Frame 1,1,1959,
-6.30149,-6.83249,0.297692,µm,Surface,Position Reference Frame,Reference Frame 1,1,1960,
-10.8843,-2.74876,0.562815,µm,Surface,Position Reference Frame,Reference Frame 1,1,1961,
-10.6001,-2.93642,0.553864,µm,Surface,Position Reference Frame,Reference Frame 1,1,1962,
-7.24818,-6.30817,0.169726,µm,Surface,Position Reference Frame,Reference Frame 1,1,1963,
-9.32766,-4.46431,0.544063,µm,Surface,Position Reference Frame,Reference Frame 1,1,1964,
-6.5485,-7.44096,0.523161,µm,Surface,Position Reference Frame,Reference Frame 1,1,1965,
-7.88502,-5.69027,-0.0482793,µm,Surface,Position Reference Frame,Reference Frame 1,1,1966,
-10.3212,-3.26567,0.402741,µm,Surface,Position Reference Frame,Reference Frame 1,1,1967,
-9.01492,-4.72371,0.0811236,µm,Surface,Position Reference Frame,Reference Frame 1,1,1968,
-9.55695,-3.49897,0.31846,µm,Surface,Position Reference Frame,Reference Frame 1,1,1969,
-11.3678,-2.41937,0.578991,µm,Surface,Position Reference Frame,Reference Frame 1,1,1971,
-7.42887,-6.66499,0.506491,µm,Surface,Position Reference Frame,Reference Frame 1,1,1972,
-9.74008,-4.32019,0.356863,µm,Surface,Position Reference Frame,Reference Frame 1,1,1973,
-8.54722,-5.32749,-0.015398,µm,Surface,Position Reference Frame,Reference Frame 1,1,1974,
-8.23806,-5.8175,0.358602,µm,Surface,Position Reference Frame,Reference Frame 1,1,1975,
-11.5216,-3.01799,0.610298,µm,Surface,Position Reference Frame,Reference Frame 1,1,1976,
-9.10442,-5.05452,0.248095,µm,Surface,Position Reference Frame,Reference Frame 1,1,1977,
-8.9645,-5.44103,0.474089,µm,Surface,Position Reference Frame,Reference Frame 1,1,1979,
-11.9652,-2.84247,0.525056,µm,Surface,Position Reference Frame,Reference Frame 1,1,1980,
-10.3221,-4.01735,0.449687,µm,Surface,Position Reference Frame,Reference Frame 1,1,1981,
-7.69288,-6.13555,0.372532,µm,Surface,Position Reference Frame,Reference Frame 1,1,1982,
-8.6366,-5.94171,0.274512,µm,Surface,Position Reference Frame,Reference Frame 1,1,1983,
-9.54757,-4.94656,0.221437,µm,Surface,Position Reference Frame,Reference Frame 1,1,1984,
-11.0173,-3.92099,0.540401,µm,Surface,Position Reference Frame,Reference Frame 1,1,1985,
-14.1018,-1.23674,0.617847,µm,Surface,Position Reference Frame,Reference Frame 1,1,1986,
-8.29886,-6.28954,0.0316155,µm,Surface,Position Reference Frame,Reference Frame 1,1,1988,
-9.00623,-5.77197,0.443268,µm,Surface,Position Reference Frame,Reference Frame 1,1,1989,
-8.07795,-6.68653,0.244956,µm,Surface,Position Reference Frame,Reference Frame 1,1,1990,
-12.515,-2.48449,0.544158,µm,Surface,Position Reference Frame,Reference Frame 1,1,1991,
-7.1033,-7.27366,0.40184,µm,Surface,Position Reference Frame,Reference Frame 1,1,1992,
-11.9372,-3.25705,0.552933,µm,Surface,Position Reference Frame,Reference Frame 1,1,1993,
-10.0068,-4.79171,0.422357,µm,Surface,Position Reference Frame,Reference Frame 1,1,1994,
-8.86763,-6.27271,0.329726,µm,Surface,Position Reference Frame,Reference Frame 1,1,1995,
-10.7501,-4.35533,0.422642,µm,Surface,Position Reference Frame,Reference Frame 1,1,1996,
-7.98544,-7.14616,0.479337,µm,Surface,Position Reference Frame,Reference Frame 1,1,1997,
-7.70964,-7.626,0.513605,µm,Surface,Position Reference Frame,Reference Frame 1,1,1999,
-11.4048,-3.59565,0.554517,µm,Surface,Position Reference Frame,Reference Frame 1,1,2000,
-13.304,-2.20889,0.62202,µm,Surface,Position Reference Frame,Reference Frame 1,1,2001,
-10.4886,-4.73296,0.193064,µm,Surface,Position Reference Frame,Reference Frame 1,1,2002,
-9.66472,-5.48065,0.358462,µm,Surface,Position Reference Frame,Reference Frame 1,1,2003,
-8.47472,-7.01866,0.423136,µm,Surface,Position Reference Frame,Reference Frame 1,1,2005,
-12.4248,-3.1584,0.578069,µm,Surface,Position Reference Frame,Reference Frame 1,1,2006,
-9.40174,-6.07622,0.284108,µm,Surface,Position Reference Frame,Reference Frame 1,1,2008,
-13.0521,-2.93605,0.584646,µm,Surface,Position Reference Frame,Reference Frame 1,1,2009,
-10.5734,-5.24074,0.446558,µm,Surface,Position Reference Frame,Reference Frame 1,1,2010,
-12.8136,-3.24204,0.544282,µm,Surface,Position Reference Frame,Reference Frame 1,1,2011,
-8.86908,-6.68534,0.238962,µm,Surface,Position Reference Frame,Reference Frame 1,1,2013,
-9.60086,-6.37493,0.184453,µm,Surface,Position Reference Frame,Reference Frame 1,1,2014,
-14.1341,-2.17719,0.608282,µm,Surface,Position Reference Frame,Reference Frame 1,1,2015,
-11.0953,-4.64516,0.434769,µm,Surface,Position Reference Frame,Reference Frame 1,1,2016,
-13.3615,-3.17296,0.650721,µm,Surface,Position Reference Frame,Reference Frame 1,1,2017,
-11.517,-4.20876,0.456953,µm,Surface,Position Reference Frame,Reference Frame 1,1,2018,
-10.0434,-5.87674,0.442698,µm,Surface,Position Reference Frame,Reference Frame 1,1,2019,
-10.9901,-5.08427,0.410726,µm,Surface,Position Reference Frame,Reference Frame 1,1,2020,
-14.0015,-2.55053,0.556445,µm,Surface,Position Reference Frame,Reference Frame 1,1,2021,
-10.3502,-5.52911,0.413399,µm,Surface,Position Reference Frame,Reference Frame 1,1,2022,
-8.20151,-7.93948,0.531763,µm,Surface,Position Reference Frame,Reference Frame 1,1,2023,
-10.2314,-6.25733,0.388494,µm,Surface,Position Reference Frame,Reference Frame 1,1,2024,
-11.386,-5.05725,0.424388,µm,Surface,Position Reference Frame,Reference Frame 1,1,2025,
-10.9159,-5.51874,0.437938,µm,Surface,Position Reference Frame,Reference Frame 1,1,2026,
-11.9869,-4.41576,0.555564,µm,Surface,Position Reference Frame,Reference Frame 1,1,2027,
-9.18447,-7.16671,0.387006,µm,Surface,Position Reference Frame,Reference Frame 1,1,2028,
-10.0266,-6.63891,0.259579,µm,Surface,Position Reference Frame,Reference Frame 1,1,2029,
-10.7443,-5.88865,0.465409,µm,Surface,Position Reference Frame,Reference Frame 1,1,2030,
-12.4194,-4.62148,0.542267,µm,Surface,Position Reference Frame,Reference Frame 1,1,2032,
-9.67802,-6.92785,0.42784,µm,Surface,Position Reference Frame,Reference Frame 1,1,2033,
-11.3895,-5.58387,0.535088,µm,Surface,Position Reference Frame,Reference Frame 1,1,2035,
-10.6512,-6.42436,0.453545,µm,Surface,Position Reference Frame,Reference Frame 1,1,2036,
-10.9741,-6.0176,0.461944,µm,Surface,Position Reference Frame,Reference Frame 1,1,2037,
-12.9424,-3.86903,0.560782,µm,Surface,Position Reference Frame,Reference Frame 1,1,2038,
-8.8335,-7.87392,0.513518,µm,Surface,Position Reference Frame,Reference Frame 1,1,2039,
-10.2786,-6.93593,0.438623,µm,Surface,Position Reference Frame,Reference Frame 1,1,2040,
-12.855,-4.38443,0.581859,µm,Surface,Position Reference Frame,Reference Frame 1,1,2041,
-12.1364,-4.98815,0.536559,µm,Surface,Position Reference Frame,Reference Frame 1,1,2042,
-9.85737,-7.50935,0.404874,µm,Surface,Position Reference Frame,Reference Frame 1,1,2043,
-11.567,-5.9221,0.440398,µm,Surface,Position Reference Frame,Reference Frame 1,1,2045,
-12.0247,-5.43607,0.605227,µm,Surface,Position Reference Frame,Reference Frame 1,1,2046,
-12.9878,-5.03386,0.542778,µm,Surface,Position Reference Frame,Reference Frame 1,1,2047,
-11.2263,-6.4024,0.407204,µm,Surface,Position Reference Frame,Reference Frame 1,1,2048,
-15.0307,-3.31238,0.626248,µm,Surface,Position Reference Frame,Reference Frame 1,1,2051,
-10.5029,-7.31838,0.389861,µm,Surface,Position Reference Frame,Reference Frame 1,1,2052,
-12.938,-5.53287,0.636594,µm,Surface,Position Reference Frame,Reference Frame 1,1,2053,
-9.64627,-8.11771,0.465278,µm,Surface,Position Reference Frame,Reference Frame 1,1,2056,
-11.0252,-7.00596,0.343327,µm,Surface,Position Reference Frame,Reference Frame 1,1,2057,
-11.5294,-6.92373,0.420183,µm,Surface,Position Reference Frame,Reference Frame 1,1,2059,
-13.6925,-4.83457,0.633996,µm,Surface,Position Reference Frame,Reference Frame 1,1,2061,
-10.8652,-7.69394,0.344457,µm,Surface,Position Reference Frame,Reference Frame 1,1,2062,
-13.3829,-5.32121,0.571298,µm,Surface,Position Reference Frame,Reference Frame 1,1,2063,
-11.9187,-6.48545,0.522509,µm,Surface,Position Reference Frame,Reference Frame 1,1,2064,
-11.5438,-7.26944,0.442137,µm,Surface,Position Reference Frame,Reference Frame 1,1,2065,
-10.3293,-8.46948,0.599671,µm,Surface,Position Reference Frame,Reference Frame 1,1,2066,
-13.1809,-5.79478,0.559393,µm,Surface,Position Reference Frame,Reference Frame 1,1,2067,
-11.2584,-7.76959,0.304532,µm,Surface,Position Reference Frame,Reference Frame 1,1,2068,
-12.2548,-6.17135,0.486297,µm,Surface,Position Reference Frame,Reference Frame 1,1,2069,
-11.3929,-7.52769,0.372792,µm,Surface,Position Reference Frame,Reference Frame 1,1,2070,
-12.8741,-6.16766,0.447365,µm,Surface,Position Reference Frame,Reference Frame 1,1,2072,
-12.2818,-6.85471,0.501616,µm,Surface,Position Reference Frame,Reference Frame 1,1,2074,
-11.9684,-7.19735,0.526563,µm,Surface,Position Reference Frame,Reference Frame 1,1,2075,
-14.7183,-4.7424,0.652508,µm,Surface,Position Reference Frame,Reference Frame 1,1,2076,
-13.6801,-5.7205,0.589949,µm,Surface,Position Reference Frame,Reference Frame 1,1,2077,
-10.8916,-8.15127,0.580136,µm,Surface,Position Reference Frame,Reference Frame 1,1,2078,
-11.4031,-8.04546,0.614191,µm,Surface,Position Reference Frame,Reference Frame 1,1,2079,
-11.834,-7.5932,0.494095,µm,Surface,Position Reference Frame,Reference Frame 1,1,2080,
-15.0629,-4.94781,0.651313,µm,Surface,Position Reference Frame,Reference Frame 1,1,2081,
-10.9051,-8.66455,0.533997,µm,Surface,Position Reference Frame,Reference Frame 1,1,2082,
-14.1831,-5.5347,0.640965,µm,Surface,Position Reference Frame,Reference Frame 1,1,2085,
-14.5903,-5.20919,0.591616,µm,Surface,Position Reference Frame,Reference Frame 1,1,2086,
-13.1489,-6.97972,0.455089,µm,Surface,Position Reference Frame,Reference Frame 1,1,2088,
-15.7612,-4.83004,0.682765,µm,Surface,Position Reference Frame,Reference Frame 1,1,2089,
-12.6339,-7.27079,0.505262,µm,Surface,Position Reference Frame,Reference Frame 1,1,2090,
-14.2066,-6.29893,0.558809,µm,Surface,Position Reference Frame,Reference Frame 1,1,2091,
-13.3102,-6.44042,0.527949,µm,Surface,Position Reference Frame,Reference Frame 1,1,2092,
-12.5851,-7.79224,0.581616,µm,Surface,Position Reference Frame,Reference Frame 1,1,2093,
-11.9936,-8.37043,0.557756,µm,Surface,Position Reference Frame,Reference Frame 1,1,2094,
-12.6226,-8.19908,0.576854,µm,Surface,Position Reference Frame,Reference Frame 1,1,2095,
-11.5587,-8.86398,0.523659,µm,Surface,Position Reference Frame,Reference Frame 1,1,2096,
-13.181,-7.62839,0.609554,µm,Surface,Position Reference Frame,Reference Frame 1,1,2097,
-15.5171,-5.544,0.717925,µm,Surface,Position Reference Frame,Reference Frame 1,1,2098,
-14.7276,-6.35422,0.654405,µm,Surface,Position Reference Frame,Reference Frame 1,1,2099,
-11.8816,-9.23075,0.567482,µm,Surface,Position Reference Frame,Reference Frame 1,1,2100,
-13.717,-6.86596,0.578669,µm,Surface,Position Reference Frame,Reference Frame 1,1,2101,
-13.1384,-8.01127,0.547267,µm,Surface,Position Reference Frame,Reference Frame 1,1,2102,
-16.3427,-5.17739,0.56746,µm,Surface,Position Reference Frame,Reference Frame 1,1,2103,
-15.4609,-6.05536,0.594747,µm,Surface,Position Reference Frame,Reference Frame 1,1,2105,
-14.3573,-6.89038,0.552869,µm,Surface,Position Reference Frame,Reference Frame 1,1,2106,
-14.6347,-7.22068,0.548282,µm,Surface,Position Reference Frame,Reference Frame 1,1,2108,
-16.0592,-5.87687,0.599346,µm,Surface,Position Reference Frame,Reference Frame 1,1,2109,
-12.8904,-8.83146,0.524402,µm,Surface,Position Reference Frame,Reference Frame 1,1,2110,
-12.2866,-9.45982,0.63951,µm,Surface,Position Reference Frame,Reference Frame 1,1,2111,
-14.2019,-7.48509,0.617879,µm,Surface,Position Reference Frame,Reference Frame 1,1,2112,
-15.3481,-6.56825,0.645004,µm,Surface,Position Reference Frame,Reference Frame 1,1,2113,
-12.6488,-8.67376,0.538936,µm,Surface,Position Reference Frame,Reference Frame 1,1,2114,
-15.0388,-6.94004,0.645913,µm,Surface,Position Reference Frame,Reference Frame 1,1,2115,
-12.9254,-9.35908,0.612745,µm,Surface,Position Reference Frame,Reference Frame 1,1,2116,
-13.1817,-9.0443,0.604397,µm,Surface,Position Reference Frame,Reference Frame 1,1,2117,
-14.9649,-7.34834,0.666024,µm,Surface,Position Reference Frame,Reference Frame 1,1,2118,
-13.7975,-8.00794,0.536992,µm,Surface,Position Reference Frame,Reference Frame 1,1,2119,
-13.4839,-8.52228,0.624447,µm,Surface,Position Reference Frame,Reference Frame 1,1,2121,
-16.072,-6.2734,0.679626,µm,Surface,Position Reference Frame,Reference Frame 1,1,2122,
-14.9179,-7.68076,0.606773,µm,Surface,Position Reference Frame,Reference Frame 1,1,2123,
-16.7203,-6.06682,0.650985,µm,Surface,Position Reference Frame,Reference Frame 1,1,2124,
-13.7888,-8.9421,0.604999,µm,Surface,Position Reference Frame,Reference Frame 1,1,2125,
-14.4057,-8.12667,0.597013,µm,Surface,Position Reference Frame,Reference Frame 1,1,2126,
-14.2244,-8.62219,0.580028,µm,Surface,Position Reference Frame,Reference Frame 1,1,2127,
-12.8279,-9.96812,0.581395,µm,Surface,Position Reference Frame,Reference Frame 1,1,2128,
-16.6614,-6.71799,0.633996,µm,Surface,Position Reference Frame,Reference Frame 1,1,2129,
-13.4945,-9.51062,0.640218,µm,Surface,Position Reference Frame,Reference Frame 1,1,2130,
-15.0566,-8.2289,0.528282,µm,Surface,Position Reference Frame,Reference Frame 1,1,2132,
-15.3393,-7.94337,0.584103,µm,Surface,Position Reference Frame,Reference Frame 1,1,2133,
-14.3523,-9.09622,0.611219,µm,Surface,Position Reference Frame,Reference Frame 1,1,2134,
-16.0647,-7.14992,0.579861,µm,Surface,Position Reference Frame,Reference Frame 1,1,2135,
-14.362,-9.40043,0.706253,µm,Surface,Position Reference Frame,Reference Frame 1,1,2138,
-14.7557,-8.83923,0.623215,µm,Surface,Position Reference Frame,Reference Frame 1,1,2139,
-17.5778,-6.74437,0.624144,µm,Surface,Position Reference Frame,Reference Frame 1,1,2140,
-14.5432,-9.90471,0.623958,µm,Surface,Position Reference Frame,Reference Frame 1,1,2141,
-15.9024,-7.86516,0.607282,µm,Surface,Position Reference Frame,Reference Frame 1,1,2142,
-15.3993,-8.51948,0.6136,µm,Surface,Position Reference Frame,Reference Frame 1,1,2143,
-16.1704,-8.42813,0.661397,µm,Surface,Position Reference Frame,Reference Frame 1,1,2144,
-16.5834,-8.19268,0.609476,µm,Surface,Position Reference Frame,Reference Frame 1,1,2145,
-15.8472,-8.72738,0.631864,µm,Surface,Position Reference Frame,Reference Frame 1,1,2146,
-17.3683,-7.53351,0.65991,µm,Surface,Position Reference Frame,Reference Frame 1,1,2147,
-13.9575,-10.3756,0.571486,µm,Surface,Position Reference Frame,Reference Frame 1,1,2149,
-16.9795,-7.80885,0.657225,µm,Surface,Position Reference Frame,Reference Frame 1,1,2150,
-15.3743,-9.25604,0.622179,µm,Surface,Position Reference Frame,Reference Frame 1,1,2151,
-15.2226,-9.97587,0.555759,µm,Surface,Position Reference Frame,Reference Frame 1,1,2152,
-15.5542,-9.71857,0.593058,µm,Surface,Position Reference Frame,Reference Frame 1,1,2153,
-16.3493,-9.44009,0.643737,µm,Surface,Position Reference Frame,Reference Frame 1,1,2157,
-15.2408,-10.4882,0.610254,µm,Surface,Position Reference Frame,Reference Frame 1,1,2158,
-19.6455,-6.50417,0.748282,µm,Surface,Position Reference Frame,Reference Frame 1,1,2159,
-14.7011,-10.6702,0.593791,µm,Surface,Position Reference Frame,Reference Frame 1,1,2160,
-16.9076,-8.53997,0.604436,µm,Surface,Position Reference Frame,Reference Frame 1,1,2161,
-18.7144,-7.35629,0.670021,µm,Surface,Position Reference Frame,Reference Frame 1,1,2162,
-15.3878,-11.0254,0.63114,µm,Surface,Position Reference Frame,Reference Frame 1,1,2163,
-17.9008,-9.09265,0.625555,µm,Surface,Position Reference Frame,Reference Frame 1,1,2164,
-18.2113,-8.34476,0.636788,µm,Surface,Position Reference Frame,Reference Frame 1,1,2166,
-16.8014,-9.35911,0.585297,µm,Surface,Position Reference Frame,Reference Frame 1,1,2167,
-15.5487,-11.6682,0.617248,µm,Surface,Position Reference Frame,Reference Frame 1,1,2168,
-16.3667,-10.2625,0.655276,µm,Surface,Position Reference Frame,Reference Frame 1,1,2169,
-17.6985,-9.59093,0.598967,µm,Surface,Position Reference Frame,Reference Frame 1,1,2170,
-16.0862,-11.4284,0.680635,µm,Surface,Position Reference Frame,Reference Frame 1,1,2171,
-16.4633,-11.326,0.642128,µm,Surface,Position Reference Frame,Reference Frame 1,1,2173,
-17.7146,-10.0137,0.607742,µm,Surface,Position Reference Frame,Reference Frame 1,1,2174,
-18.8378,-9.32066,0.711139,µm,Surface,Position Reference Frame,Reference Frame 1,1,2175,
-17.0124,-10.5064,0.645358,µm,Surface,Position Reference Frame,Reference Frame 1,1,2176,
-18.3183,-9.70751,0.666403,µm,Surface,Position Reference Frame,Reference Frame 1,1,2177,
-17.8377,-10.4424,0.614072,µm,Surface,Position Reference Frame,Reference Frame 1,1,2178,
-19.2143,-9.34886,0.670022,µm,Surface,Position Reference Frame,Reference Frame 1,1,2179,
-16.8474,-11.6747,0.69321,µm,Surface,Position Reference Frame,Reference Frame 1,1,2180,
-16.5554,-11.9453,0.645957,µm,Surface,Position Reference Frame,Reference Frame 1,1,2181,
-18.222,-10.5753,0.668972,µm,Surface,Position Reference Frame,Reference Frame 1,1,2182,
-20.5321,-8.48612,0.748282,µm,Surface,Position Reference Frame,Reference Frame 1,1,2183,
-17.7001,-11.0812,0.628639,µm,Surface,Position Reference Frame,Reference Frame 1,1,2185,
-17.0745,-12.2723,0.651672,µm,Surface,Position Reference Frame,Reference Frame 1,1,2186,
-18.7028,-10.7022,0.6373,µm,Surface,Position Reference Frame,Reference Frame 1,1,2187,
-19.4875,-10.6556,0.637323,µm,Surface,Position Reference Frame,Reference Frame 1,1,2188,
-18.8027,-11.6497,0.646744,µm,Surface,Position Reference Frame,Reference Frame 1,1,2189,
-20.1632,-10.8187,0.662568,µm,Surface,Position Reference Frame,Reference Frame 1,1,2190,
-17.8651,-12.9708,0.636744,µm,Surface,Position Reference Frame,Reference Frame 1,1,2191,
-19.8209,-10.9688,0.629363,µm,Surface,Position Reference Frame,Reference Frame 1,1,2192,
-17.2865,-13.9973,0.748282,µm,Surface,Position Reference Frame,Reference Frame 1,1,2193,
-18.1161,-12.7325,0.657526,µm,Surface,Position Reference Frame,Reference Frame 1,1,2194,
-20.571,-10.5423,0.621009,µm,Surface,Position Reference Frame,Reference Frame 1,1,2195,
-18.9379,-12.019,0.716939,µm,Surface,Position Reference Frame,Reference Frame 1,1,2196,
-19.84,-11.3934,0.696669,µm,Surface,Position Reference Frame,Reference Frame 1,1,2197,
-20.8865,-10.6727,0.653044,µm,Surface,Position Reference Frame,Reference Frame 1,1,2198,
-19.5553,-11.8063,0.672032,µm,Surface,Position Reference Frame,Reference Frame 1,1,2199,
-20.7459,-11.1333,0.665782,µm,Surface,Position Reference Frame,Reference Frame 1,1,2200,
-20.3384,-11.8132,0.684365,µm,Surface,Position Reference Frame,Reference Frame 1,1,2202,
-18.679,-12.7922,0.646781,µm,Surface,Position Reference Frame,Reference Frame 1,1,2203,
-19.5256,-12.8009,0.625869,µm,Surface,Position Reference Frame,Reference Frame 1,1,2204,
-19.9376,-12.4577,0.667201,µm,Surface,Position Reference Frame,Reference Frame 1,1,2205,
-19.3441,-13.3717,0.638949,µm,Surface,Position Reference Frame,Reference Frame 1,1,2206,
-22.8537,-10.2537,0.698282,µm,Surface,Position Reference Frame,Reference Frame 1,1,2207,
-21.2681,-11.8672,0.628282,µm,Surface,Position Reference Frame,Reference Frame 1,1,2208,
-20.7905,-12.0373,0.713727,µm,Surface,Position Reference Frame,Reference Frame 1,1,2209,
-19.4088,-13.6993,0.615888,µm,Surface,Position Reference Frame,Reference Frame 1,1,2210,
-19.9855,-13.0524,0.650169,µm,Surface,Position Reference Frame,Reference Frame 1,1,2211,
-20.1267,-13.4605,0.683114,µm,Surface,Position Reference Frame,Reference Frame 1,1,2212,
-19.9408,-13.8263,0.697649,µm,Surface,Position Reference Frame,Reference Frame 1,1,2213,
-21.7561,-12.2261,0.663434,µm,Surface,Position Reference Frame,Reference Frame 1,1,2214,
-20.4788,-13.7387,0.655975,µm,Surface,Position Reference Frame,Reference Frame 1,1,2215,
-20.979,-12.7837,0.679218,µm,Surface,Position Reference Frame,Reference Frame 1,1,2216,
-21.9789,-12.6561,0.654165,µm,Surface,Position Reference Frame,Reference Frame 1,1,2217,
-22.6301,-12.1522,0.677694,µm,Surface,Position Reference Frame,Reference Frame 1,1,2218,
-22.9596,-11.846,0.701223,µm,Surface,Position Reference Frame,Reference Frame 1,1,2219,
-20.8542,-14.0199,0.685782,µm,Surface,Position Reference Frame,Reference Frame 1,1,2221,
-21.6376,-13.4027,0.651267,µm,Surface,Position Reference Frame,Reference Frame 1,1,2223,
-20.8248,-14.588,0.644834,µm,Surface,Position Reference Frame,Reference Frame 1,1,2224,
-20.5192,-15.1893,0.636594,µm,Surface,Position Reference Frame,Reference Frame 1,1,2226,
-21.7222,-13.9011,0.708531,µm,Surface,Position Reference Frame,Reference Frame 1,1,2227,
-20.9686,-15.099,0.716282,µm,Surface,Position Reference Frame,Reference Frame 1,1,2228,
-22.8246,-12.8559,0.680358,µm,Surface,Position Reference Frame,Reference Frame 1,1,2229,
-21.3857,-14.6224,0.694624,µm,Surface,Position Reference Frame,Reference Frame 1,1,2230,
-23.1231,-14.1564,0.707833,µm,Surface,Position Reference Frame,Reference Frame 1,1,2231,
-21.4905,-16.1849,0.628282,µm,Surface,Position Reference Frame,Reference Frame 1,1,2232,
-23.2305,-14.6109,0.635782,µm,Surface,Position Reference Frame,Reference Frame 1,1,2233,
-22.435,-15.2974,0.710187,µm,Surface,Position Reference Frame,Reference Frame 1,1,2234,
-21.5219,-15.3823,0.6924,µm,Surface,Position Reference Frame,Reference Frame 1,1,2235,
-21.9306,-15.8274,0.683934,µm,Surface,Position Reference Frame,Reference Frame 1,1,2236,
-23.8298,-14.4256,0.748282,µm,Surface,Position Reference Frame,Reference Frame 1,1,2237,
-24.7935,-14.2526,0.748282,µm,Surface,Position Reference Frame,Reference Frame 1,1,2238,
-22.3455,-16.2787,0.708938,µm,Surface,Position Reference Frame,Reference Frame 1,1,2240,
-26.0184,-13.3054,0.748282,µm,Surface,Position Reference Frame,Reference Frame 1,1,2241,
-22.3242,-16.6897,0.71805,µm,Surface,Position Reference Frame,Reference Frame 1,1,2242,
-23.5408,-15.3155,0.69311,µm,Surface,Position Reference Frame,Reference Frame 1,1,2243,
-23.1499,-16.0641,0.696669,µm,Surface,Position Reference Frame,Reference Frame 1,1,2245,
-24.4532,-15.0554,0.702128,µm,Surface,Position Reference Frame,Reference Frame 1,1,2246,
-22.9156,-16.5775,0.724753,µm,Surface,Position Reference Frame,Reference Frame 1,1,2247,
-22.3891,-17.5655,0.645252,µm,Surface,Position Reference Frame,Reference Frame 1,1,2249,
-22.7375,-17.3019,0.687676,µm,Surface,Position Reference Frame,Reference Frame 1,1,2250,
-24.6346,-15.6371,0.719711,µm,Surface,Position Reference Frame,Reference Frame 1,1,2251,
-22.8598,-17.6486,0.710047,µm,Surface,Position Reference Frame,Reference Frame 1,1,2253,
-24.2414,-16.0729,0.684365,µm,Surface,Position Reference Frame,Reference Frame 1,1,2254,
-26.2039,-14.8888,0.689459,µm,Surface,Position Reference Frame,Reference Frame 1,1,2255,
-23.2646,-17.7054,0.697733,µm,Surface,Position Reference Frame,Reference Frame 1,1,2256,
-23.8186,-17.0437,0.687568,µm,Surface,Position Reference Frame,Reference Frame 1,1,2257,
-24.4705,-16.8739,0.720696,µm,Surface,Position Reference Frame,Reference Frame 1,1,2258,
-25.339,-16.0088,0.667581,µm,Surface,Position Reference Frame,Reference Frame 1,1,2259,
-23.4978,-18.4154,0.662968,µm,Surface,Position Reference Frame,Reference Frame 1,1,2260,
-24.9388,-17.2059,0.680527,µm,Surface,Position Reference Frame,Reference Frame 1,1,2261,
-24.6496,-17.8628,0.656422,µm,Surface,Position Reference Frame,Reference Frame 1,1,2263,
-23.9772,-18.0418,0.648282,µm,Surface,Position Reference Frame,Reference Frame 1,1,2264,
-25.059,-18.0919,0.728695,µm,Surface,Position Reference Frame,Reference Frame 1,1,2266,
-25.3436,-17.8579,0.675068,µm,Surface,Position Reference Frame,Reference Frame 1,1,2268,
-24.3931,-18.7704,0.636348,µm,Surface,Position Reference Frame,Reference Frame 1,1,2269,
-24.5587,-19.2393,0.596199,µm,Surface,Position Reference Frame,Reference Frame 1,1,2270,
-25.1061,-19.0426,0.715328,µm,Surface,Position Reference Frame,Reference Frame 1,1,2271,
-25.7581,-18.4495,0.722811,µm,Surface,Position Reference Frame,Reference Frame 1,1,2273,
-24.857,-19.9014,0.623838,µm,Surface,Position Reference Frame,Reference Frame 1,1,2275,
-26.7532,-18.2178,0.723912,µm,Surface,Position Reference Frame,Reference Frame 1,1,2277,
-27.3226,-18.5922,0.697578,µm,Surface,Position Reference Frame,Reference Frame 1,1,2278,
-25.7758,-19.6442,0.631318,µm,Surface,Position Reference Frame,Reference Frame 1,1,2279,
-26.904,-19.0836,0.69233,µm,Surface,Position Reference Frame,Reference Frame 1,1,2280,
-27.5035,-18.8498,0.708282,µm,Surface,Position Reference Frame,Reference Frame 1,1,2281,
-26.0061,-20.5885,0.508282,µm,Surface,Position Reference Frame,Reference Frame 1,1,2283,
-26.7431,-19.7314,0.622181,µm,Surface,Position Reference Frame,Reference Frame 1,1,2284,
-28.0395,-18.9542,0.728927,µm,Surface,Position Reference Frame,Reference Frame 1,1,2285,
-29.5625,-18.2021,0.748282,µm,Surface,Position Reference Frame,Reference Frame 1,1,2287,
-27.146,-20.4231,0.546464,µm,Surface,Position Reference Frame,Reference Frame 1,1,2288,
-26.7615,-20.5548,0.612798,µm,Surface,Position Reference Frame,Reference Frame 1,1,2289,
-27.408,-19.9168,0.66765,µm,Surface,Position Reference Frame,Reference Frame 1,1,2290,
-28.0896,-19.9839,0.669459,µm,Surface,Position Reference Frame,Reference Frame 1,1,2292,
-27.6068,-20.7676,0.630822,µm,Surface,Position Reference Frame,Reference Frame 1,1,2293,
-28.0905,-20.7237,0.665616,µm,Surface,Position Reference Frame,Reference Frame 1,1,2294,
-28.8871,-20.2325,0.758282,µm,Surface,Position Reference Frame,Reference Frame 1,1,2295,
-27.9024,-21.1369,0.715446,µm,Surface,Position Reference Frame,Reference Frame 1,1,2296,
-28.5511,-20.8241,0.709926,µm,Surface,Position Reference Frame,Reference Frame 1,1,2297,
-27.2061,-21.4703,0.58288,µm,Surface,Position Reference Frame,Reference Frame 1,1,2298,
-27.4863,-21.9716,0.5943,µm,Surface,Position Reference Frame,Reference Frame 1,1,2299,
-29.2781,-20.5517,0.723793,µm,Surface,Position Reference Frame,Reference Frame 1,1,2300,
-28.3486,-21.3052,0.684489,µm,Surface,Position Reference Frame,Reference Frame 1,1,2301,
-29.2282,-20.9505,0.706543,µm,Surface,Position Reference Frame,Reference Frame 1,1,2302,
-28.0279,-22.0891,0.703964,µm,Surface,Position Reference Frame,Reference Frame 1,1,2303,
-28.8951,-21.741,0.718653,µm,Surface,Position Reference Frame,Reference Frame 1,1,2304,
-29.6738,-21.1247,0.720047,µm,Surface,Position Reference Frame,Reference Frame 1,1,2305,
-28.455,-21.8381,0.696593,µm,Surface,Position Reference Frame,Reference Frame 1,1,2306,
-29.4794,-21.4448,0.703506,µm,Surface,Position Reference Frame,Reference Frame 1,1,2307,
-27.9689,-22.8594,0.592142,µm,Surface,Position Reference Frame,Reference Frame 1,1,2308,
-33.2279,-18.1651,0.798282,µm,Surface,Position Reference Frame,Reference Frame 1,1,2309,
-28.4456,-22.8161,0.718282,µm,Surface,Position Reference Frame,Reference Frame 1,1,2310,
-29.9676,-21.6308,0.67786,µm,Surface,Position Reference Frame,Reference Frame 1,1,2311,
-27.556,-23.4932,0.628984,µm,Surface,Position Reference Frame,Reference Frame 1,1,2312,
-28.3483,-23.4228,0.741947,µm,Surface,Position Reference Frame,Reference Frame 1,1,2314,
-30.4653,-21.9045,0.748282,µm,Surface,Position Reference Frame,Reference Frame 1,1,2315,
-28.2245,-24.5737,0.709476,µm,Surface,Position Reference Frame,Reference Frame 1,1,2316,
-30.187,-22.5061,0.689459,µm,Surface,Position Reference Frame,Reference Frame 1,1,2317,
-30.4206,-23.1623,0.748282,µm,Surface,Position Reference Frame,Reference Frame 1,1,2318,
-31.7348,-21.9397,0.788282,µm,Surface,Position Reference Frame,Reference Frame 1,1,2319,
-30.3628,-23.6902,0.708888,µm,Surface,Position Reference Frame,Reference Frame 1,1,2320,
-31.0684,-23.0454,0.724753,µm,Surface,Position Reference Frame,Reference Frame 1,1,2321,
-30.8063,-24.1504,0.598282,µm,Surface,Position Reference Frame,Reference Frame 1,1,2322,
-29.4799,-24.781,0.716079,µm,Surface,Position Reference Frame,Reference Frame 1,1,2323,
-29.892,-25.2861,0.72404,µm,Surface,Position Reference Frame,Reference Frame 1,1,2324,
-31.1427,-23.9544,0.754165,µm,Surface,Position Reference Frame,Reference Frame 1,1,2325,
-27.9011,-27.6703,0.805425,µm,Surface,Position Reference Frame,Reference Frame 1,1,2326,
-30.5204,-24.8504,0.702411,µm,Surface,Position Reference Frame,Reference Frame 1,1,2327,
-29.2796,-26.4762,0.748282,µm,Surface,Position Reference Frame,Reference Frame 1,1,2328,
-29.0816,-26.0336,0.736088,µm,Surface,Position Reference Frame,Reference Frame 1,1,2329,
-30.1226,-25.7344,0.681616,µm,Surface,Position Reference Frame,Reference Frame 1,1,2330,
-30.8534,-24.5112,0.739354,µm,Surface,Position Reference Frame,Reference Frame 1,1,2331,
-30.4122,-26.0697,0.732493,µm,Surface,Position Reference Frame,Reference Frame 1,1,2332,
-32.0651,-24.7523,0.739587,µm,Surface,Position Reference Frame,Reference Frame 1,1,2333,
-30.4192,-27.3996,0.641139,µm,Surface,Position Reference Frame,Reference Frame 1,1,2335,
-30.407,-28.9725,0.81144,µm,Surface,Position Reference Frame,Reference Frame 1,1,2336,
-30.325,-29.6157,0.76733,µm,Surface,Position Reference Frame,Reference Frame 1,1,2337,
-30.506,-30.2102,0.802828,µm,Surface,Position Reference Frame,Reference Frame 1,1,2338,
