
Overlapped Volume to Surfaces Surfaces=N
 ==================== 
Overlapped Volume to Surfaces,Unit,Category,Surfaces,Time,ID,
0,µm^3,Surface,N,1,30,
0,µm^3,Surface,N,1,32,
0,µm^3,Surface,N,1,33,
0,µm^3,Surface,N,1,34,
0,µm^3,Surface,N,1,35,
0,µm^3,Surface,N,1,36,
0,µm^3,Surface,N,1,38,
0,µm^3,Surface,N,1,39,
0,µm^3,Surface,N,1,41,
0,µm^3,Surface,N,1,42,
0,µm^3,Surface,N,1,43,
0,µm^3,Surface,N,1,44,
0,µm^3,Surface,N,1,45,
0,µm^3,Surface,N,1,46,
0,µm^3,Surface,N,1,47,
0,µm^3,Surface,N,1,48,
0,µm^3,Surface,N,1,49,
0,µm^3,Surface,N,1,50,
0,µm^3,Surface,N,1,51,
0,µm^3,Surface,N,1,53,
0,µm^3,Surface,N,1,55,
0,µm^3,Surface,N,1,56,
0,µm^3,Surface,N,1,57,
0,µm^3,Surface,N,1,58,
0,µm^3,Surface,N,1,59,
0,µm^3,Surface,N,1,60,
0,µm^3,Surface,N,1,61,
0,µm^3,Surface,N,1,62,
0,µm^3,Surface,N,1,65,
0,µm^3,Surface,N,1,66,
0,µm^3,Surface,N,1,67,
0,µm^3,Surface,N,1,68,
0,µm^3,Surface,N,1,69,
0,µm^3,Surface,N,1,70,
0,µm^3,Surface,N,1,71,
0,µm^3,Surface,N,1,72,
0,µm^3,Surface,N,1,73,
0,µm^3,Surface,N,1,74,
0,µm^3,Surface,N,1,75,
0,µm^3,Surface,N,1,76,
0,µm^3,Surface,N,1,77,
0,µm^3,Surface,N,1,78,
0,µm^3,Surface,N,1,79,
0,µm^3,Surface,N,1,80,
0,µm^3,Surface,N,1,81,
0,µm^3,Surface,N,1,82,
0,µm^3,Surface,N,1,83,
0,µm^3,Surface,N,1,85,
0,µm^3,Surface,N,1,86,
0,µm^3,Surface,N,1,87,
0,µm^3,Surface,N,1,88,
0,µm^3,Surface,N,1,89,
0,µm^3,Surface,N,1,90,
0,µm^3,Surface,N,1,91,
0,µm^3,Surface,N,1,92,
0,µm^3,Surface,N,1,93,
0,µm^3,Surface,N,1,94,
0,µm^3,Surface,N,1,96,
0,µm^3,Surface,N,1,97,
0,µm^3,Surface,N,1,98,
0,µm^3,Surface,N,1,99,
0,µm^3,Surface,N,1,100,
0,µm^3,Surface,N,1,101,
0,µm^3,Surface,N,1,103,
0,µm^3,Surface,N,1,105,
0,µm^3,Surface,N,1,106,
0,µm^3,Surface,N,1,107,
0,µm^3,Surface,N,1,108,
0,µm^3,Surface,N,1,109,
0,µm^3,Surface,N,1,110,
0,µm^3,Surface,N,1,111,
0,µm^3,Surface,N,1,112,
0,µm^3,Surface,N,1,113,
0,µm^3,Surface,N,1,114,
0,µm^3,Surface,N,1,115,
0,µm^3,Surface,N,1,116,
0,µm^3,Surface,N,1,117,
0,µm^3,Surface,N,1,120,
0,µm^3,Surface,N,1,121,
0,µm^3,Surface,N,1,122,
0,µm^3,Surface,N,1,123,
0,µm^3,Surface,N,1,124,
0,µm^3,Surface,N,1,125,
0,µm^3,Surface,N,1,126,
0,µm^3,Surface,N,1,127,
0,µm^3,Surface,N,1,128,
0,µm^3,Surface,N,1,129,
0,µm^3,Surface,N,1,130,
0,µm^3,Surface,N,1,131,
0,µm^3,Surface,N,1,134,
0,µm^3,Surface,N,1,135,
0,µm^3,Surface,N,1,136,
0,µm^3,Surface,N,1,137,
0,µm^3,Surface,N,1,138,
0,µm^3,Surface,N,1,139,
0,µm^3,Surface,N,1,140,
0,µm^3,Surface,N,1,141,
0,µm^3,Surface,N,1,143,
0,µm^3,Surface,N,1,144,
0,µm^3,Surface,N,1,145,
0,µm^3,Surface,N,1,146,
0,µm^3,Surface,N,1,147,
0,µm^3,Surface,N,1,148,
0,µm^3,Surface,N,1,149,
0,µm^3,Surface,N,1,150,
0,µm^3,Surface,N,1,151,
0,µm^3,Surface,N,1,152,
0,µm^3,Surface,N,1,153,
0,µm^3,Surface,N,1,154,
0,µm^3,Surface,N,1,155,
0,µm^3,Surface,N,1,156,
0,µm^3,Surface,N,1,158,
0,µm^3,Surface,N,1,159,
0,µm^3,Surface,N,1,160,
0,µm^3,Surface,N,1,162,
0,µm^3,Surface,N,1,163,
0,µm^3,Surface,N,1,164,
0,µm^3,Surface,N,1,165,
0,µm^3,Surface,N,1,167,
0,µm^3,Surface,N,1,168,
0,µm^3,Surface,N,1,169,
0,µm^3,Surface,N,1,171,
0,µm^3,Surface,N,1,172,
0,µm^3,Surface,N,1,175,
0,µm^3,Surface,N,1,176,
0,µm^3,Surface,N,1,177,
0,µm^3,Surface,N,1,178,
0,µm^3,Surface,N,1,179,
0,µm^3,Surface,N,1,180,
0,µm^3,Surface,N,1,182,
0,µm^3,Surface,N,1,183,
0,µm^3,Surface,N,1,184,
0,µm^3,Surface,N,1,185,
0,µm^3,Surface,N,1,186,
0,µm^3,Surface,N,1,188,
0,µm^3,Surface,N,1,190,
0,µm^3,Surface,N,1,192,
0,µm^3,Surface,N,1,193,
0,µm^3,Surface,N,1,194,
0,µm^3,Surface,N,1,195,
0,µm^3,Surface,N,1,197,
0,µm^3,Surface,N,1,199,
0,µm^3,Surface,N,1,200,
0,µm^3,Surface,N,1,201,
0,µm^3,Surface,N,1,202,
0,µm^3,Surface,N,1,203,
0,µm^3,Surface,N,1,204,
0,µm^3,Surface,N,1,206,
0,µm^3,Surface,N,1,208,
0,µm^3,Surface,N,1,209,
0,µm^3,Surface,N,1,211,
0,µm^3,Surface,N,1,213,
0,µm^3,Surface,N,1,215,
0,µm^3,Surface,N,1,217,
0,µm^3,Surface,N,1,218,
0,µm^3,Surface,N,1,219,
0,µm^3,Surface,N,1,221,
0,µm^3,Surface,N,1,222,
0,µm^3,Surface,N,1,223,
0,µm^3,Surface,N,1,224,
0,µm^3,Surface,N,1,225,
0,µm^3,Surface,N,1,226,
0,µm^3,Surface,N,1,227,
0,µm^3,Surface,N,1,228,
0,µm^3,Surface,N,1,229,
0,µm^3,Surface,N,1,231,
0,µm^3,Surface,N,1,232,
0,µm^3,Surface,N,1,233,
0,µm^3,Surface,N,1,234,
0,µm^3,Surface,N,1,239,
0,µm^3,Surface,N,1,240,
0,µm^3,Surface,N,1,241,
0,µm^3,Surface,N,1,242,
0,µm^3,Surface,N,1,244,
0,µm^3,Surface,N,1,245,
0,µm^3,Surface,N,1,246,
0,µm^3,Surface,N,1,247,
0,µm^3,Surface,N,1,248,
0,µm^3,Surface,N,1,249,
0,µm^3,Surface,N,1,250,
0,µm^3,Surface,N,1,251,
0,µm^3,Surface,N,1,252,
0,µm^3,Surface,N,1,253,
0,µm^3,Surface,N,1,254,
0,µm^3,Surface,N,1,255,
0,µm^3,Surface,N,1,257,
0,µm^3,Surface,N,1,258,
0,µm^3,Surface,N,1,259,
0,µm^3,Surface,N,1,260,
0,µm^3,Surface,N,1,261,
0,µm^3,Surface,N,1,262,
0,µm^3,Surface,N,1,263,
0,µm^3,Surface,N,1,264,
0,µm^3,Surface,N,1,265,
0,µm^3,Surface,N,1,266,
0,µm^3,Surface,N,1,267,
0.0694091,µm^3,Surface,N,1,268,
0,µm^3,Surface,N,1,269,
0,µm^3,Surface,N,1,270,
0,µm^3,Surface,N,1,271,
0.00012505,µm^3,Surface,N,1,275,
0,µm^3,Surface,N,1,278,
0,µm^3,Surface,N,1,279,
0.0845548,µm^3,Surface,N,1,281,
0,µm^3,Surface,N,1,283,
0,µm^3,Surface,N,1,284,
0,µm^3,Surface,N,1,285,
0,µm^3,Surface,N,1,286,
0,µm^3,Surface,N,1,287,
0,µm^3,Surface,N,1,288,
0,µm^3,Surface,N,1,289,
0,µm^3,Surface,N,1,290,
0,µm^3,Surface,N,1,291,
0,µm^3,Surface,N,1,292,
0,µm^3,Surface,N,1,293,
0,µm^3,Surface,N,1,294,
0,µm^3,Surface,N,1,295,
0,µm^3,Surface,N,1,296,
0,µm^3,Surface,N,1,297,
0.0776005,µm^3,Surface,N,1,298,
0,µm^3,Surface,N,1,299,
0,µm^3,Surface,N,1,300,
0.0335482,µm^3,Surface,N,1,301,
0,µm^3,Surface,N,1,302,
0,µm^3,Surface,N,1,303,
0,µm^3,Surface,N,1,304,
0,µm^3,Surface,N,1,305,
0.379043,µm^3,Surface,N,1,306,
0.165119,µm^3,Surface,N,1,308,
0,µm^3,Surface,N,1,309,
0.102979,µm^3,Surface,N,1,311,
0.177104,µm^3,Surface,N,1,312,
0,µm^3,Surface,N,1,313,
0,µm^3,Surface,N,1,314,
0,µm^3,Surface,N,1,316,
0,µm^3,Surface,N,1,317,
0,µm^3,Surface,N,1,318,
0,µm^3,Surface,N,1,320,
0,µm^3,Surface,N,1,321,
0.0870487,µm^3,Surface,N,1,322,
0,µm^3,Surface,N,1,323,
0,µm^3,Surface,N,1,324,
0,µm^3,Surface,N,1,325,
0.00825334,µm^3,Surface,N,1,327,
0.0163886,µm^3,Surface,N,1,328,
0,µm^3,Surface,N,1,329,
0.0958963,µm^3,Surface,N,1,330,
0,µm^3,Surface,N,1,331,
0,µm^3,Surface,N,1,332,
0,µm^3,Surface,N,1,333,
0,µm^3,Surface,N,1,334,
0.343674,µm^3,Surface,N,1,335,
0.179332,µm^3,Surface,N,1,336,
0.000771147,µm^3,Surface,N,1,337,
0.214186,µm^3,Surface,N,1,338,
0,µm^3,Surface,N,1,339,
0,µm^3,Surface,N,1,340,
0,µm^3,Surface,N,1,341,
0,µm^3,Surface,N,1,342,
0,µm^3,Surface,N,1,343,
0,µm^3,Surface,N,1,344,
0.309686,µm^3,Surface,N,1,346,
0,µm^3,Surface,N,1,347,
0,µm^3,Surface,N,1,348,
0,µm^3,Surface,N,1,349,
0,µm^3,Surface,N,1,350,
0,µm^3,Surface,N,1,351,
0.198143,µm^3,Surface,N,1,352,
0,µm^3,Surface,N,1,353,
0,µm^3,Surface,N,1,354,
0,µm^3,Surface,N,1,355,
0,µm^3,Surface,N,1,356,
0.126023,µm^3,Surface,N,1,359,
0,µm^3,Surface,N,1,360,
0,µm^3,Surface,N,1,361,
0.156078,µm^3,Surface,N,1,362,
0,µm^3,Surface,N,1,363,
0,µm^3,Surface,N,1,364,
0.166214,µm^3,Surface,N,1,366,
0,µm^3,Surface,N,1,367,
0,µm^3,Surface,N,1,368,
0.255799,µm^3,Surface,N,1,370,
0.00148671,µm^3,Surface,N,1,372,
0,µm^3,Surface,N,1,373,
0.0203565,µm^3,Surface,N,1,374,
0,µm^3,Surface,N,1,375,
0.291724,µm^3,Surface,N,1,376,
0,µm^3,Surface,N,1,377,
0,µm^3,Surface,N,1,378,
0.23273,µm^3,Surface,N,1,379,
0.135643,µm^3,Surface,N,1,380,
0,µm^3,Surface,N,1,381,
0,µm^3,Surface,N,1,382,
0,µm^3,Surface,N,1,383,
0,µm^3,Surface,N,1,384,
0,µm^3,Surface,N,1,385,
0,µm^3,Surface,N,1,386,
0.27958,µm^3,Surface,N,1,387,
0,µm^3,Surface,N,1,388,
0,µm^3,Surface,N,1,390,
0.185697,µm^3,Surface,N,1,391,
0,µm^3,Surface,N,1,392,
0.180752,µm^3,Surface,N,1,393,
0,µm^3,Surface,N,1,394,
0,µm^3,Surface,N,1,395,
0.319267,µm^3,Surface,N,1,396,
0,µm^3,Surface,N,1,397,
0,µm^3,Surface,N,1,398,
0,µm^3,Surface,N,1,399,
0,µm^3,Surface,N,1,400,
0.713519,µm^3,Surface,N,1,401,
0,µm^3,Surface,N,1,403,
0.369834,µm^3,Surface,N,1,404,
0.16351,µm^3,Surface,N,1,405,
0.256696,µm^3,Surface,N,1,407,
0.000458518,µm^3,Surface,N,1,408,
0.13298,µm^3,Surface,N,1,409,
0,µm^3,Surface,N,1,410,
0,µm^3,Surface,N,1,411,
0,µm^3,Surface,N,1,412,
0,µm^3,Surface,N,1,413,
0,µm^3,Surface,N,1,414,
0.238727,µm^3,Surface,N,1,415,
0.669,µm^3,Surface,N,1,416,
0,µm^3,Surface,N,1,417,
0.19444,µm^3,Surface,N,1,419,
0,µm^3,Surface,N,1,420,
0.445043,µm^3,Surface,N,1,421,
0,µm^3,Surface,N,1,423,
0,µm^3,Surface,N,1,424,
6.94722e-06,µm^3,Surface,N,1,425,
0,µm^3,Surface,N,1,426,
0.583061,µm^3,Surface,N,1,428,
0.273364,µm^3,Surface,N,1,429,
0.266638,µm^3,Surface,N,1,430,
0,µm^3,Surface,N,1,431,
0,µm^3,Surface,N,1,432,
0,µm^3,Surface,N,1,433,
0.260185,µm^3,Surface,N,1,434,
0,µm^3,Surface,N,1,435,
0.1144,µm^3,Surface,N,1,436,
0,µm^3,Surface,N,1,437,
0.305444,µm^3,Surface,N,1,438,
0,µm^3,Surface,N,1,439,
0,µm^3,Surface,N,1,440,
0,µm^3,Surface,N,1,441,
0.0604093,µm^3,Surface,N,1,442,
0,µm^3,Surface,N,1,444,
0.0285045,µm^3,Surface,N,1,445,
0,µm^3,Surface,N,1,446,
0.149422,µm^3,Surface,N,1,447,
0,µm^3,Surface,N,1,448,
0.479118,µm^3,Surface,N,1,449,
0.484707,µm^3,Surface,N,1,451,
0,µm^3,Surface,N,1,452,
0,µm^3,Surface,N,1,453,
0,µm^3,Surface,N,1,454,
0.197077,µm^3,Surface,N,1,455,
0,µm^3,Surface,N,1,456,
0,µm^3,Surface,N,1,457,
0,µm^3,Surface,N,1,458,
0.434084,µm^3,Surface,N,1,459,
0,µm^3,Surface,N,1,460,
0,µm^3,Surface,N,1,461,
0.000534938,µm^3,Surface,N,1,462,
0.142821,µm^3,Surface,N,1,464,
0.434748,µm^3,Surface,N,1,465,
0,µm^3,Surface,N,1,466,
0.589853,µm^3,Surface,N,1,467,
0,µm^3,Surface,N,1,468,
0.140764,µm^3,Surface,N,1,469,
0,µm^3,Surface,N,1,471,
0.183644,µm^3,Surface,N,1,472,
0.283842,µm^3,Surface,N,1,473,
0.00373759,µm^3,Surface,N,1,474,
0.120509,µm^3,Surface,N,1,475,
0.300198,µm^3,Surface,N,1,476,
0.247233,µm^3,Surface,N,1,480,
0,µm^3,Surface,N,1,481,
0.253113,µm^3,Surface,N,1,484,
0.0816267,µm^3,Surface,N,1,485,
0,µm^3,Surface,N,1,486,
0,µm^3,Surface,N,1,487,
0,µm^3,Surface,N,1,488,
0.035139,µm^3,Surface,N,1,489,
0.122206,µm^3,Surface,N,1,490,
0,µm^3,Surface,N,1,491,
0.597913,µm^3,Surface,N,1,492,
0.146181,µm^3,Surface,N,1,493,
0,µm^3,Surface,N,1,494,
0,µm^3,Surface,N,1,495,
0,µm^3,Surface,N,1,496,
0.0104069,µm^3,Surface,N,1,498,
0.0855023,µm^3,Surface,N,1,499,
0.118263,µm^3,Surface,N,1,500,
0,µm^3,Surface,N,1,501,
0,µm^3,Surface,N,1,502,
0.0321657,µm^3,Surface,N,1,503,
0,µm^3,Surface,N,1,504,
0.363438,µm^3,Surface,N,1,505,
0,µm^3,Surface,N,1,506,
0,µm^3,Surface,N,1,507,
0,µm^3,Surface,N,1,508,
0.340794,µm^3,Surface,N,1,511,
0.0295187,µm^3,Surface,N,1,512,
0,µm^3,Surface,N,1,513,
0,µm^3,Surface,N,1,514,
0,µm^3,Surface,N,1,516,
0.211733,µm^3,Surface,N,1,517,
0,µm^3,Surface,N,1,518,
0.51102,µm^3,Surface,N,1,519,
0,µm^3,Surface,N,1,520,
0,µm^3,Surface,N,1,521,
0.000750301,µm^3,Surface,N,1,522,
0.0539589,µm^3,Surface,N,1,523,
0.434267,µm^3,Surface,N,1,524,
0,µm^3,Surface,N,1,525,
0,µm^3,Surface,N,1,528,
0,µm^3,Surface,N,1,529,
0,µm^3,Surface,N,1,530,
0,µm^3,Surface,N,1,531,
0,µm^3,Surface,N,1,532,
0.520304,µm^3,Surface,N,1,533,
0,µm^3,Surface,N,1,534,
0.862652,µm^3,Surface,N,1,535,
0.428029,µm^3,Surface,N,1,536,
0.387381,µm^3,Surface,N,1,537,
0,µm^3,Surface,N,1,539,
0.156116,µm^3,Surface,N,1,540,
0.178753,µm^3,Surface,N,1,541,
0.341988,µm^3,Surface,N,1,542,
0,µm^3,Surface,N,1,543,
0,µm^3,Surface,N,1,544,
0.609013,µm^3,Surface,N,1,545,
0.177766,µm^3,Surface,N,1,546,
0,µm^3,Surface,N,1,547,
0.153781,µm^3,Surface,N,1,548,
0,µm^3,Surface,N,1,549,
0.290965,µm^3,Surface,N,1,550,
0.171013,µm^3,Surface,N,1,551,
0,µm^3,Surface,N,1,553,
0.598787,µm^3,Surface,N,1,554,
0.0636019,µm^3,Surface,N,1,555,
0.265539,µm^3,Surface,N,1,556,
0.129339,µm^3,Surface,N,1,557,
0.00409195,µm^3,Surface,N,1,558,
0,µm^3,Surface,N,1,559,
0,µm^3,Surface,N,1,560,
0.075864,µm^3,Surface,N,1,561,
0.155824,µm^3,Surface,N,1,562,
0.10216,µm^3,Surface,N,1,563,
0.268527,µm^3,Surface,N,1,564,
0.0749033,µm^3,Surface,N,1,565,
0.316415,µm^3,Surface,N,1,566,
0.0333206,µm^3,Surface,N,1,567,
0.579844,µm^3,Surface,N,1,569,
0.190057,µm^3,Surface,N,1,570,
0.0487418,µm^3,Surface,N,1,571,
0.000402941,µm^3,Surface,N,1,573,
0.565184,µm^3,Surface,N,1,574,
0,µm^3,Surface,N,1,575,
0.223014,µm^3,Surface,N,1,576,
0.154213,µm^3,Surface,N,1,577,
0,µm^3,Surface,N,1,578,
0.152597,µm^3,Surface,N,1,580,
0,µm^3,Surface,N,1,581,
0,µm^3,Surface,N,1,582,
0.039523,µm^3,Surface,N,1,583,
0.7212,µm^3,Surface,N,1,584,
0,µm^3,Surface,N,1,585,
0.310027,µm^3,Surface,N,1,587,
0,µm^3,Surface,N,1,588,
0.0377234,µm^3,Surface,N,1,589,
0.109336,µm^3,Surface,N,1,590,
0.22672,µm^3,Surface,N,1,591,
0,µm^3,Surface,N,1,592,
0.20157,µm^3,Surface,N,1,593,
0.339874,µm^3,Surface,N,1,594,
0.231768,µm^3,Surface,N,1,595,
0.39762,µm^3,Surface,N,1,596,
0.316799,µm^3,Surface,N,1,597,
0,µm^3,Surface,N,1,598,
0,µm^3,Surface,N,1,599,
0.143483,µm^3,Surface,N,1,601,
0.0921659,µm^3,Surface,N,1,602,
0,µm^3,Surface,N,1,604,
0.119346,µm^3,Surface,N,1,605,
0.00655819,µm^3,Surface,N,1,606,
0,µm^3,Surface,N,1,607,
0.0750714,µm^3,Surface,N,1,608,
0,µm^3,Surface,N,1,609,
0.813882,µm^3,Surface,N,1,610,
0.131766,µm^3,Surface,N,1,611,
0.177507,µm^3,Surface,N,1,613,
0.193276,µm^3,Surface,N,1,614,
0.100717,µm^3,Surface,N,1,615,
0.342571,µm^3,Surface,N,1,616,
0.247687,µm^3,Surface,N,1,617,
0.191038,µm^3,Surface,N,1,619,
0.277488,µm^3,Surface,N,1,621,
0.0371328,µm^3,Surface,N,1,623,
0.131283,µm^3,Surface,N,1,625,
0.119663,µm^3,Surface,N,1,626,
0,µm^3,Surface,N,1,627,
0,µm^3,Surface,N,1,628,
0,µm^3,Surface,N,1,629,
0.266911,µm^3,Surface,N,1,630,
0.394932,µm^3,Surface,N,1,631,
0.0700948,µm^3,Surface,N,1,632,
0.151518,µm^3,Surface,N,1,633,
0,µm^3,Surface,N,1,634,
0,µm^3,Surface,N,1,635,
0.066214,µm^3,Surface,N,1,636,
0,µm^3,Surface,N,1,637,
0,µm^3,Surface,N,1,638,
0,µm^3,Surface,N,1,639,
0.484221,µm^3,Surface,N,1,640,
0.269625,µm^3,Surface,N,1,641,
0,µm^3,Surface,N,1,642,
0.260234,µm^3,Surface,N,1,643,
0.50319,µm^3,Surface,N,1,644,
0.404578,µm^3,Surface,N,1,645,
0,µm^3,Surface,N,1,646,
0.282063,µm^3,Surface,N,1,648,
0.112452,µm^3,Surface,N,1,649,
0,µm^3,Surface,N,1,650,
0.4124,µm^3,Surface,N,1,651,
0.1155,µm^3,Surface,N,1,652,
0.157516,µm^3,Surface,N,1,653,
0.55013,µm^3,Surface,N,1,654,
0.182926,µm^3,Surface,N,1,655,
0.308694,µm^3,Surface,N,1,656,
0.703127,µm^3,Surface,N,1,657,
0.455178,µm^3,Surface,N,1,658,
0.198974,µm^3,Surface,N,1,659,
0.184599,µm^3,Surface,N,1,660,
0.243639,µm^3,Surface,N,1,661,
0,µm^3,Surface,N,1,662,
0.00336942,µm^3,Surface,N,1,664,
0.640877,µm^3,Surface,N,1,667,
0.187657,µm^3,Surface,N,1,668,
0.258832,µm^3,Surface,N,1,669,
0.10779,µm^3,Surface,N,1,670,
0.231292,µm^3,Surface,N,1,672,
0.344354,µm^3,Surface,N,1,673,
0.202901,µm^3,Surface,N,1,674,
0,µm^3,Surface,N,1,676,
0.6389,µm^3,Surface,N,1,677,
0.311881,µm^3,Surface,N,1,678,
0,µm^3,Surface,N,1,679,
0,µm^3,Surface,N,1,681,
0.231571,µm^3,Surface,N,1,682,
0.229236,µm^3,Surface,N,1,684,
0,µm^3,Surface,N,1,685,
0.0361497,µm^3,Surface,N,1,686,
0,µm^3,Surface,N,1,687,
0,µm^3,Surface,N,1,688,
0.147189,µm^3,Surface,N,1,689,
0.242397,µm^3,Surface,N,1,690,
0.23656,µm^3,Surface,N,1,691,
0.188263,µm^3,Surface,N,1,692,
0.219516,µm^3,Surface,N,1,694,
0.298853,µm^3,Surface,N,1,695,
0.407732,µm^3,Surface,N,1,696,
0.144093,µm^3,Surface,N,1,697,
0.206455,µm^3,Surface,N,1,698,
0.178324,µm^3,Surface,N,1,699,
0.351635,µm^3,Surface,N,1,700,
0.459529,µm^3,Surface,N,1,701,
0.194677,µm^3,Surface,N,1,702,
0,µm^3,Surface,N,1,703,
0,µm^3,Surface,N,1,705,
0.0629146,µm^3,Surface,N,1,706,
0.198776,µm^3,Surface,N,1,707,
0.194151,µm^3,Surface,N,1,708,
0,µm^3,Surface,N,1,709,
0.173418,µm^3,Surface,N,1,710,
0,µm^3,Surface,N,1,711,
0.00250796,µm^3,Surface,N,1,713,
0,µm^3,Surface,N,1,714,
0.187694,µm^3,Surface,N,1,715,
6.94726e-06,µm^3,Surface,N,1,716,
0.13695,µm^3,Surface,N,1,717,
0.366416,µm^3,Surface,N,1,718,
0.0209749,µm^3,Surface,N,1,719,
0.0568688,µm^3,Surface,N,1,721,
0,µm^3,Surface,N,1,722,
0.203366,µm^3,Surface,N,1,723,
0.32088,µm^3,Surface,N,1,724,
0.29211,µm^3,Surface,N,1,726,
0,µm^3,Surface,N,1,727,
0,µm^3,Surface,N,1,728,
0.0777772,µm^3,Surface,N,1,729,
0.236827,µm^3,Surface,N,1,730,
0.225545,µm^3,Surface,N,1,731,
0.142099,µm^3,Surface,N,1,732,
0.368015,µm^3,Surface,N,1,733,
0.225849,µm^3,Surface,N,1,734,
0.0854748,µm^3,Surface,N,1,736,
0,µm^3,Surface,N,1,737,
0.10374,µm^3,Surface,N,1,738,
0.241392,µm^3,Surface,N,1,739,
0,µm^3,Surface,N,1,740,
0,µm^3,Surface,N,1,741,
0.11786,µm^3,Surface,N,1,742,
0.381887,µm^3,Surface,N,1,743,
0,µm^3,Surface,N,1,744,
0,µm^3,Surface,N,1,745,
0,µm^3,Surface,N,1,746,
0.346238,µm^3,Surface,N,1,748,
0.236243,µm^3,Surface,N,1,749,
0.166482,µm^3,Surface,N,1,750,
0,µm^3,Surface,N,1,752,
0.00405718,µm^3,Surface,N,1,753,
0.142662,µm^3,Surface,N,1,754,
0.0637925,µm^3,Surface,N,1,755,
0,µm^3,Surface,N,1,756,
0.14366,µm^3,Surface,N,1,757,
0.0416639,µm^3,Surface,N,1,758,
0,µm^3,Surface,N,1,759,
0,µm^3,Surface,N,1,760,
0.178136,µm^3,Surface,N,1,761,
0.154644,µm^3,Surface,N,1,762,
0,µm^3,Surface,N,1,763,
0.176893,µm^3,Surface,N,1,764,
0.608154,µm^3,Surface,N,1,765,
0.199803,µm^3,Surface,N,1,766,
0.205718,µm^3,Surface,N,1,767,
0.5869,µm^3,Surface,N,1,768,
0,µm^3,Surface,N,1,770,
0.171116,µm^3,Surface,N,1,771,
0.535324,µm^3,Surface,N,1,772,
0,µm^3,Surface,N,1,773,
0,µm^3,Surface,N,1,774,
0.308738,µm^3,Surface,N,1,775,
0.678262,µm^3,Surface,N,1,776,
0,µm^3,Surface,N,1,777,
0.116853,µm^3,Surface,N,1,778,
0.44733,µm^3,Surface,N,1,780,
0,µm^3,Surface,N,1,781,
0.0418561,µm^3,Surface,N,1,782,
0.450375,µm^3,Surface,N,1,783,
0.132626,µm^3,Surface,N,1,785,
0,µm^3,Surface,N,1,786,
0,µm^3,Surface,N,1,787,
0.0513761,µm^3,Surface,N,1,788,
0.064221,µm^3,Surface,N,1,790,
0.366313,µm^3,Surface,N,1,791,
0,µm^3,Surface,N,1,792,
0.0781688,µm^3,Surface,N,1,793,
0.647638,µm^3,Surface,N,1,794,
0,µm^3,Surface,N,1,795,
0.0364242,µm^3,Surface,N,1,796,
0.159473,µm^3,Surface,N,1,797,
0,µm^3,Surface,N,1,798,
0.253333,µm^3,Surface,N,1,799,
0.214519,µm^3,Surface,N,1,800,
0.282238,µm^3,Surface,N,1,801,
0.160721,µm^3,Surface,N,1,802,
0,µm^3,Surface,N,1,803,
0.206023,µm^3,Surface,N,1,804,
0,µm^3,Surface,N,1,805,
0.213303,µm^3,Surface,N,1,806,
0.184973,µm^3,Surface,N,1,807,
0,µm^3,Surface,N,1,809,
0.0778587,µm^3,Surface,N,1,810,
0.827758,µm^3,Surface,N,1,811,
0.575581,µm^3,Surface,N,1,812,
0.097082,µm^3,Surface,N,1,814,
0,µm^3,Surface,N,1,815,
0.701304,µm^3,Surface,N,1,816,
0.172798,µm^3,Surface,N,1,817,
0.0833137,µm^3,Surface,N,1,818,
0.0562911,µm^3,Surface,N,1,819,
0.250092,µm^3,Surface,N,1,820,
0,µm^3,Surface,N,1,821,
0.0601353,µm^3,Surface,N,1,822,
0.0583922,µm^3,Surface,N,1,823,
0,µm^3,Surface,N,1,825,
0,µm^3,Surface,N,1,826,
0.232502,µm^3,Surface,N,1,827,
0.112337,µm^3,Surface,N,1,828,
0.167532,µm^3,Surface,N,1,829,
0.138386,µm^3,Surface,N,1,830,
0.226318,µm^3,Surface,N,1,831,
0.128316,µm^3,Surface,N,1,833,
0.34622,µm^3,Surface,N,1,834,
0.121715,µm^3,Surface,N,1,835,
0,µm^3,Surface,N,1,836,
0.0733557,µm^3,Surface,N,1,837,
0,µm^3,Surface,N,1,838,
0.251042,µm^3,Surface,N,1,839,
0,µm^3,Surface,N,1,840,
0.131317,µm^3,Surface,N,1,841,
0.120854,µm^3,Surface,N,1,842,
0,µm^3,Surface,N,1,843,
0.54873,µm^3,Surface,N,1,844,
0,µm^3,Surface,N,1,845,
0,µm^3,Surface,N,1,846,
0,µm^3,Surface,N,1,847,
0,µm^3,Surface,N,1,848,
0.680216,µm^3,Surface,N,1,849,
0.207663,µm^3,Surface,N,1,850,
0,µm^3,Surface,N,1,851,
0.136509,µm^3,Surface,N,1,853,
0.225178,µm^3,Surface,N,1,854,
0.655705,µm^3,Surface,N,1,855,
0.238345,µm^3,Surface,N,1,856,
0.383622,µm^3,Surface,N,1,858,
0,µm^3,Surface,N,1,859,
0,µm^3,Surface,N,1,860,
0.0931631,µm^3,Surface,N,1,861,
0.123212,µm^3,Surface,N,1,863,
0.106911,µm^3,Surface,N,1,865,
0.320157,µm^3,Surface,N,1,866,
0.111388,µm^3,Surface,N,1,867,
0.00871877,µm^3,Surface,N,1,868,
0.554849,µm^3,Surface,N,1,869,
0.160672,µm^3,Surface,N,1,870,
0.384331,µm^3,Surface,N,1,871,
0.0802965,µm^3,Surface,N,1,872,
0,µm^3,Surface,N,1,873,
0,µm^3,Surface,N,1,874,
0.275372,µm^3,Surface,N,1,875,
0.20607,µm^3,Surface,N,1,877,
0.286011,µm^3,Surface,N,1,878,
0.202759,µm^3,Surface,N,1,879,
0.686199,µm^3,Surface,N,1,880,
0.26241,µm^3,Surface,N,1,881,
0.134919,µm^3,Surface,N,1,882,
0,µm^3,Surface,N,1,884,
0,µm^3,Surface,N,1,885,
0,µm^3,Surface,N,1,886,
0.0806395,µm^3,Surface,N,1,887,
0.16741,µm^3,Surface,N,1,888,
0,µm^3,Surface,N,1,889,
0.130086,µm^3,Surface,N,1,890,
0,µm^3,Surface,N,1,891,
0.511793,µm^3,Surface,N,1,892,
0.764374,µm^3,Surface,N,1,893,
0,µm^3,Surface,N,1,894,
0.236689,µm^3,Surface,N,1,895,
0.102851,µm^3,Surface,N,1,896,
0,µm^3,Surface,N,1,897,
0.313697,µm^3,Surface,N,1,899,
0,µm^3,Surface,N,1,900,
0.260062,µm^3,Surface,N,1,902,
0,µm^3,Surface,N,1,903,
0.386547,µm^3,Surface,N,1,905,
0.207654,µm^3,Surface,N,1,907,
0,µm^3,Surface,N,1,908,
0.0963441,µm^3,Surface,N,1,909,
0.103508,µm^3,Surface,N,1,910,
0.204075,µm^3,Surface,N,1,911,
0,µm^3,Surface,N,1,912,
0,µm^3,Surface,N,1,913,
0,µm^3,Surface,N,1,914,
0.420772,µm^3,Surface,N,1,915,
0.170556,µm^3,Surface,N,1,916,
0,µm^3,Surface,N,1,917,
0,µm^3,Surface,N,1,918,
0.0586312,µm^3,Surface,N,1,919,
0.709505,µm^3,Surface,N,1,920,
0,µm^3,Surface,N,1,921,
0.675616,µm^3,Surface,N,1,922,
1.04825,µm^3,Surface,N,1,923,
0.306295,µm^3,Surface,N,1,924,
0.193699,µm^3,Surface,N,1,925,
0.960631,µm^3,Surface,N,1,926,
0.140585,µm^3,Surface,N,1,927,
0,µm^3,Surface,N,1,928,
0,µm^3,Surface,N,1,929,
0.212668,µm^3,Surface,N,1,930,
0,µm^3,Surface,N,1,932,
0.392895,µm^3,Surface,N,1,933,
0.969706,µm^3,Surface,N,1,934,
0.0118311,µm^3,Surface,N,1,935,
0.355535,µm^3,Surface,N,1,936,
0.393848,µm^3,Surface,N,1,937,
0.512856,µm^3,Surface,N,1,938,
0.25998,µm^3,Surface,N,1,939,
0.114831,µm^3,Surface,N,1,940,
0.137902,µm^3,Surface,N,1,941,
0.0515485,µm^3,Surface,N,1,942,
0.291288,µm^3,Surface,N,1,943,
0.132021,µm^3,Surface,N,1,944,
0,µm^3,Surface,N,1,945,
0.525395,µm^3,Surface,N,1,947,
0.213919,µm^3,Surface,N,1,948,
0.137088,µm^3,Surface,N,1,949,
0,µm^3,Surface,N,1,950,
0.000653041,µm^3,Surface,N,1,951,
0,µm^3,Surface,N,1,952,
0.214389,µm^3,Surface,N,1,953,
0.0955186,µm^3,Surface,N,1,954,
0,µm^3,Surface,N,1,955,
0,µm^3,Surface,N,1,956,
0.126171,µm^3,Surface,N,1,957,
0.13628,µm^3,Surface,N,1,958,
0,µm^3,Surface,N,1,960,
0,µm^3,Surface,N,1,962,
0,µm^3,Surface,N,1,963,
0.148408,µm^3,Surface,N,1,964,
0.362772,µm^3,Surface,N,1,965,
0.276388,µm^3,Surface,N,1,966,
0.118128,µm^3,Surface,N,1,967,
0.330317,µm^3,Surface,N,1,969,
0.0870183,µm^3,Surface,N,1,971,
0.108322,µm^3,Surface,N,1,972,
0.439991,µm^3,Surface,N,1,973,
0,µm^3,Surface,N,1,974,
0.342745,µm^3,Surface,N,1,975,
0,µm^3,Surface,N,1,976,
0.147125,µm^3,Surface,N,1,977,
0.156869,µm^3,Surface,N,1,978,
0,µm^3,Surface,N,1,979,
0,µm^3,Surface,N,1,980,
0,µm^3,Surface,N,1,981,
0.515294,µm^3,Surface,N,1,982,
0.194661,µm^3,Surface,N,1,983,
0,µm^3,Surface,N,1,984,
0,µm^3,Surface,N,1,985,
0.139189,µm^3,Surface,N,1,987,
0.502183,µm^3,Surface,N,1,988,
0.375368,µm^3,Surface,N,1,989,
0,µm^3,Surface,N,1,990,
0,µm^3,Surface,N,1,991,
0,µm^3,Surface,N,1,992,
0.192975,µm^3,Surface,N,1,993,
0.131339,µm^3,Surface,N,1,995,
0,µm^3,Surface,N,1,996,
0.100869,µm^3,Surface,N,1,997,
4.86307e-05,µm^3,Surface,N,1,998,
0.135027,µm^3,Surface,N,1,999,
0.538589,µm^3,Surface,N,1,1000,
0.353299,µm^3,Surface,N,1,1001,
0.32838,µm^3,Surface,N,1,1002,
0.271324,µm^3,Surface,N,1,1003,
0.192138,µm^3,Surface,N,1,1004,
0.123455,µm^3,Surface,N,1,1006,
0.239909,µm^3,Surface,N,1,1007,
0.0167359,µm^3,Surface,N,1,1008,
0.186198,µm^3,Surface,N,1,1009,
0,µm^3,Surface,N,1,1010,
0.2444,µm^3,Surface,N,1,1011,
0.855654,µm^3,Surface,N,1,1012,
1.10886,µm^3,Surface,N,1,1013,
0.274623,µm^3,Surface,N,1,1014,
0,µm^3,Surface,N,1,1015,
0,µm^3,Surface,N,1,1017,
0.0578909,µm^3,Surface,N,1,1018,
0,µm^3,Surface,N,1,1019,
0.071911,µm^3,Surface,N,1,1020,
0.662179,µm^3,Surface,N,1,1021,
0.120815,µm^3,Surface,N,1,1022,
0,µm^3,Surface,N,1,1023,
0.381063,µm^3,Surface,N,1,1024,
0.160596,µm^3,Surface,N,1,1025,
0.480656,µm^3,Surface,N,1,1026,
0.0277125,µm^3,Surface,N,1,1027,
0.209994,µm^3,Surface,N,1,1028,
0.121627,µm^3,Surface,N,1,1029,
0.232176,µm^3,Surface,N,1,1030,
0.1005,µm^3,Surface,N,1,1031,
0,µm^3,Surface,N,1,1032,
0,µm^3,Surface,N,1,1033,
0,µm^3,Surface,N,1,1034,
0.184319,µm^3,Surface,N,1,1035,
0.344239,µm^3,Surface,N,1,1036,
0,µm^3,Surface,N,1,1037,
0.311496,µm^3,Surface,N,1,1038,
0,µm^3,Surface,N,1,1039,
0,µm^3,Surface,N,1,1040,
0.535731,µm^3,Surface,N,1,1042,
0.3421,µm^3,Surface,N,1,1044,
0,µm^3,Surface,N,1,1045,
0.127589,µm^3,Surface,N,1,1046,
0.130563,µm^3,Surface,N,1,1048,
0,µm^3,Surface,N,1,1049,
0.0720537,µm^3,Surface,N,1,1050,
0.0726189,µm^3,Surface,N,1,1051,
0,µm^3,Surface,N,1,1053,
0.113893,µm^3,Surface,N,1,1054,
0,µm^3,Surface,N,1,1056,
0,µm^3,Surface,N,1,1057,
0,µm^3,Surface,N,1,1058,
0.0168123,µm^3,Surface,N,1,1059,
0.353168,µm^3,Surface,N,1,1060,
0.387035,µm^3,Surface,N,1,1061,
0.345018,µm^3,Surface,N,1,1062,
0,µm^3,Surface,N,1,1063,
0.291133,µm^3,Surface,N,1,1065,
0.0198199,µm^3,Surface,N,1,1067,
0.215405,µm^3,Surface,N,1,1068,
0.201966,µm^3,Surface,N,1,1069,
0.518356,µm^3,Surface,N,1,1071,
0,µm^3,Surface,N,1,1072,
0.0602294,µm^3,Surface,N,1,1073,
0,µm^3,Surface,N,1,1075,
0.944667,µm^3,Surface,N,1,1076,
0,µm^3,Surface,N,1,1078,
0.257932,µm^3,Surface,N,1,1079,
0.252882,µm^3,Surface,N,1,1080,
0.0447441,µm^3,Surface,N,1,1081,
0.264062,µm^3,Surface,N,1,1082,
0,µm^3,Surface,N,1,1083,
0,µm^3,Surface,N,1,1084,
0.723137,µm^3,Surface,N,1,1085,
0.0765687,µm^3,Surface,N,1,1086,
0,µm^3,Surface,N,1,1089,
0.934341,µm^3,Surface,N,1,1090,
0,µm^3,Surface,N,1,1091,
0,µm^3,Surface,N,1,1094,
0.12095,µm^3,Surface,N,1,1095,
0.235598,µm^3,Surface,N,1,1097,
0,µm^3,Surface,N,1,1098,
0,µm^3,Surface,N,1,1099,
0,µm^3,Surface,N,1,1100,
0,µm^3,Surface,N,1,1101,
0,µm^3,Surface,N,1,1102,
0.368875,µm^3,Surface,N,1,1103,
0,µm^3,Surface,N,1,1104,
0.346251,µm^3,Surface,N,1,1105,
0.661331,µm^3,Surface,N,1,1107,
0,µm^3,Surface,N,1,1108,
0.397732,µm^3,Surface,N,1,1110,
0.491731,µm^3,Surface,N,1,1111,
0.306704,µm^3,Surface,N,1,1112,
0.185821,µm^3,Surface,N,1,1113,
0.601166,µm^3,Surface,N,1,1114,
0,µm^3,Surface,N,1,1115,
0.354801,µm^3,Surface,N,1,1116,
0.447368,µm^3,Surface,N,1,1117,
0.502759,µm^3,Surface,N,1,1118,
0.121947,µm^3,Surface,N,1,1119,
0.553111,µm^3,Surface,N,1,1120,
0.186167,µm^3,Surface,N,1,1121,
0.495322,µm^3,Surface,N,1,1122,
0.106226,µm^3,Surface,N,1,1123,
0.242658,µm^3,Surface,N,1,1124,
0,µm^3,Surface,N,1,1125,
0.157991,µm^3,Surface,N,1,1126,
0.184686,µm^3,Surface,N,1,1127,
0.202907,µm^3,Surface,N,1,1128,
0.00648178,µm^3,Surface,N,1,1129,
0.185143,µm^3,Surface,N,1,1130,
0.330721,µm^3,Surface,N,1,1132,
0.245222,µm^3,Surface,N,1,1133,
0,µm^3,Surface,N,1,1134,
0.0868292,µm^3,Surface,N,1,1135,
0.546441,µm^3,Surface,N,1,1136,
0,µm^3,Surface,N,1,1137,
0.308345,µm^3,Surface,N,1,1138,
0.0856463,µm^3,Surface,N,1,1139,
0.227464,µm^3,Surface,N,1,1140,
0.352817,µm^3,Surface,N,1,1141,
0.309879,µm^3,Surface,N,1,1142,
0.314392,µm^3,Surface,N,1,1143,
0.217266,µm^3,Surface,N,1,1144,
0.470519,µm^3,Surface,N,1,1145,
0,µm^3,Surface,N,1,1146,
0,µm^3,Surface,N,1,1147,
0.0664829,µm^3,Surface,N,1,1148,
0,µm^3,Surface,N,1,1149,
0,µm^3,Surface,N,1,1150,
0,µm^3,Surface,N,1,1151,
0,µm^3,Surface,N,1,1152,
0.261823,µm^3,Surface,N,1,1154,
0.279409,µm^3,Surface,N,1,1155,
0,µm^3,Surface,N,1,1156,
0.0727379,µm^3,Surface,N,1,1157,
0.152212,µm^3,Surface,N,1,1158,
0.088474,µm^3,Surface,N,1,1159,
0,µm^3,Surface,N,1,1160,
0.136399,µm^3,Surface,N,1,1161,
0.102833,µm^3,Surface,N,1,1162,
0.18541,µm^3,Surface,N,1,1163,
0.596691,µm^3,Surface,N,1,1164,
0,µm^3,Surface,N,1,1166,
0.19615,µm^3,Surface,N,1,1167,
0.51325,µm^3,Surface,N,1,1168,
0.104196,µm^3,Surface,N,1,1169,
0.173225,µm^3,Surface,N,1,1170,
0.273203,µm^3,Surface,N,1,1171,
0.0554909,µm^3,Surface,N,1,1172,
0.288529,µm^3,Surface,N,1,1173,
0.241507,µm^3,Surface,N,1,1174,
0.106392,µm^3,Surface,N,1,1175,
0,µm^3,Surface,N,1,1176,
0.0765082,µm^3,Surface,N,1,1177,
0,µm^3,Surface,N,1,1178,
0.308093,µm^3,Surface,N,1,1179,
0.20747,µm^3,Surface,N,1,1180,
0,µm^3,Surface,N,1,1181,
0.584483,µm^3,Surface,N,1,1182,
0,µm^3,Surface,N,1,1183,
0.0985802,µm^3,Surface,N,1,1184,
0,µm^3,Surface,N,1,1185,
0.0962379,µm^3,Surface,N,1,1186,
0,µm^3,Surface,N,1,1187,
0.231115,µm^3,Surface,N,1,1188,
0.00234816,µm^3,Surface,N,1,1189,
0.31632,µm^3,Surface,N,1,1190,
0.241449,µm^3,Surface,N,1,1191,
0,µm^3,Surface,N,1,1192,
0,µm^3,Surface,N,1,1194,
0.425857,µm^3,Surface,N,1,1195,
0.232546,µm^3,Surface,N,1,1196,
0,µm^3,Surface,N,1,1197,
0.740184,µm^3,Surface,N,1,1198,
0,µm^3,Surface,N,1,1199,
0.122168,µm^3,Surface,N,1,1200,
0.525815,µm^3,Surface,N,1,1201,
0.128782,µm^3,Surface,N,1,1202,
0.358759,µm^3,Surface,N,1,1203,
0,µm^3,Surface,N,1,1204,
0.140265,µm^3,Surface,N,1,1205,
0.369334,µm^3,Surface,N,1,1206,
0.219808,µm^3,Surface,N,1,1207,
0.594415,µm^3,Surface,N,1,1208,
0,µm^3,Surface,N,1,1209,
0.270233,µm^3,Surface,N,1,1210,
0.640285,µm^3,Surface,N,1,1211,
0,µm^3,Surface,N,1,1212,
0.167399,µm^3,Surface,N,1,1213,
0.223197,µm^3,Surface,N,1,1214,
0.386755,µm^3,Surface,N,1,1215,
0,µm^3,Surface,N,1,1216,
0.160674,µm^3,Surface,N,1,1217,
0.0142349,µm^3,Surface,N,1,1218,
0,µm^3,Surface,N,1,1219,
0,µm^3,Surface,N,1,1220,
0.12553,µm^3,Surface,N,1,1221,
0.286911,µm^3,Surface,N,1,1222,
0,µm^3,Surface,N,1,1223,
0.763423,µm^3,Surface,N,1,1224,
0.159249,µm^3,Surface,N,1,1225,
0.60416,µm^3,Surface,N,1,1226,
0,µm^3,Surface,N,1,1227,
0.160474,µm^3,Surface,N,1,1228,
0.363118,µm^3,Surface,N,1,1229,
0.299804,µm^3,Surface,N,1,1230,
0,µm^3,Surface,N,1,1231,
0,µm^3,Surface,N,1,1232,
0.224486,µm^3,Surface,N,1,1233,
0.0878515,µm^3,Surface,N,1,1234,
0,µm^3,Surface,N,1,1235,
0.226358,µm^3,Surface,N,1,1236,
0.399627,µm^3,Surface,N,1,1237,
0.133929,µm^3,Surface,N,1,1238,
0.147011,µm^3,Surface,N,1,1239,
0,µm^3,Surface,N,1,1240,
0.69229,µm^3,Surface,N,1,1241,
0,µm^3,Surface,N,1,1242,
0,µm^3,Surface,N,1,1243,
0.09178,µm^3,Surface,N,1,1244,
0,µm^3,Surface,N,1,1245,
0.14377,µm^3,Surface,N,1,1246,
0,µm^3,Surface,N,1,1247,
0,µm^3,Surface,N,1,1249,
0.366275,µm^3,Surface,N,1,1250,
0,µm^3,Surface,N,1,1251,
0.384549,µm^3,Surface,N,1,1252,
0.188163,µm^3,Surface,N,1,1253,
0.0803585,µm^3,Surface,N,1,1254,
0.0982929,µm^3,Surface,N,1,1255,
0,µm^3,Surface,N,1,1256,
0.491466,µm^3,Surface,N,1,1257,
0.0218352,µm^3,Surface,N,1,1258,
0,µm^3,Surface,N,1,1259,
0.268118,µm^3,Surface,N,1,1260,
0,µm^3,Surface,N,1,1261,
0.153297,µm^3,Surface,N,1,1262,
0.598507,µm^3,Surface,N,1,1263,
0.0263232,µm^3,Surface,N,1,1264,
0.0479149,µm^3,Surface,N,1,1266,
0.110972,µm^3,Surface,N,1,1267,
0.2669,µm^3,Surface,N,1,1268,
0.177489,µm^3,Surface,N,1,1269,
0.169399,µm^3,Surface,N,1,1272,
0,µm^3,Surface,N,1,1275,
0,µm^3,Surface,N,1,1276,
0.233168,µm^3,Surface,N,1,1277,
0.15357,µm^3,Surface,N,1,1278,
0.184218,µm^3,Surface,N,1,1279,
0.415587,µm^3,Surface,N,1,1280,
0,µm^3,Surface,N,1,1282,
0,µm^3,Surface,N,1,1283,
0.276055,µm^3,Surface,N,1,1284,
0.601831,µm^3,Surface,N,1,1285,
0,µm^3,Surface,N,1,1286,
0,µm^3,Surface,N,1,1287,
0,µm^3,Surface,N,1,1288,
0,µm^3,Surface,N,1,1289,
0.362631,µm^3,Surface,N,1,1290,
0.0303073,µm^3,Surface,N,1,1291,
0,µm^3,Surface,N,1,1293,
0.222918,µm^3,Surface,N,1,1294,
0.225878,µm^3,Surface,N,1,1295,
0,µm^3,Surface,N,1,1296,
0,µm^3,Surface,N,1,1297,
0.0415097,µm^3,Surface,N,1,1298,
0.0523333,µm^3,Surface,N,1,1299,
0,µm^3,Surface,N,1,1300,
0.130506,µm^3,Surface,N,1,1301,
0.106375,µm^3,Surface,N,1,1302,
0.135854,µm^3,Surface,N,1,1303,
0,µm^3,Surface,N,1,1304,
0.522953,µm^3,Surface,N,1,1305,
0.290986,µm^3,Surface,N,1,1306,
0.10536,µm^3,Surface,N,1,1307,
0,µm^3,Surface,N,1,1308,
0,µm^3,Surface,N,1,1309,
0,µm^3,Surface,N,1,1310,
0,µm^3,Surface,N,1,1311,
0.316705,µm^3,Surface,N,1,1312,
0,µm^3,Surface,N,1,1313,
0.0191812,µm^3,Surface,N,1,1314,
0,µm^3,Surface,N,1,1315,
0.100656,µm^3,Surface,N,1,1316,
0.434963,µm^3,Surface,N,1,1317,
0,µm^3,Surface,N,1,1318,
0.208045,µm^3,Surface,N,1,1319,
0.000236205,µm^3,Surface,N,1,1320,
0,µm^3,Surface,N,1,1321,
0,µm^3,Surface,N,1,1323,
0.16426,µm^3,Surface,N,1,1325,
0.295678,µm^3,Surface,N,1,1326,
0.0370219,µm^3,Surface,N,1,1327,
0.310234,µm^3,Surface,N,1,1328,
0,µm^3,Surface,N,1,1329,
0.109647,µm^3,Surface,N,1,1330,
0,µm^3,Surface,N,1,1331,
0.728308,µm^3,Surface,N,1,1332,
0.195589,µm^3,Surface,N,1,1333,
0.0699033,µm^3,Surface,N,1,1334,
0.286646,µm^3,Surface,N,1,1335,
0.275771,µm^3,Surface,N,1,1336,
0.405142,µm^3,Surface,N,1,1338,
0,µm^3,Surface,N,1,1339,
0,µm^3,Surface,N,1,1340,
0.159205,µm^3,Surface,N,1,1341,
0.483624,µm^3,Surface,N,1,1342,
0.203119,µm^3,Surface,N,1,1343,
0.77997,µm^3,Surface,N,1,1344,
0.216824,µm^3,Surface,N,1,1345,
0,µm^3,Surface,N,1,1346,
0.293624,µm^3,Surface,N,1,1347,
0.11887,µm^3,Surface,N,1,1348,
0.0130886,µm^3,Surface,N,1,1349,
0.132176,µm^3,Surface,N,1,1350,
0.389731,µm^3,Surface,N,1,1351,
0.141146,µm^3,Surface,N,1,1352,
0.162355,µm^3,Surface,N,1,1353,
0.113769,µm^3,Surface,N,1,1354,
0.00787814,µm^3,Surface,N,1,1355,
0,µm^3,Surface,N,1,1356,
0.220949,µm^3,Surface,N,1,1357,
0.286162,µm^3,Surface,N,1,1358,
0.106065,µm^3,Surface,N,1,1359,
0,µm^3,Surface,N,1,1361,
0.449119,µm^3,Surface,N,1,1362,
0.349255,µm^3,Surface,N,1,1363,
0,µm^3,Surface,N,1,1364,
0.170871,µm^3,Surface,N,1,1365,
0.237632,µm^3,Surface,N,1,1366,
0.174831,µm^3,Surface,N,1,1367,
0,µm^3,Surface,N,1,1368,
0,µm^3,Surface,N,1,1369,
0.0396756,µm^3,Surface,N,1,1370,
0,µm^3,Surface,N,1,1372,
0.00332774,µm^3,Surface,N,1,1373,
0.139496,µm^3,Surface,N,1,1375,
0.104314,µm^3,Surface,N,1,1377,
0,µm^3,Surface,N,1,1378,
0.510656,µm^3,Surface,N,1,1379,
0.272905,µm^3,Surface,N,1,1380,
0.394132,µm^3,Surface,N,1,1381,
0,µm^3,Surface,N,1,1382,
0.358918,µm^3,Surface,N,1,1383,
0.136057,µm^3,Surface,N,1,1384,
0.747787,µm^3,Surface,N,1,1385,
0.58289,µm^3,Surface,N,1,1386,
0,µm^3,Surface,N,1,1387,
0,µm^3,Surface,N,1,1388,
0.102241,µm^3,Surface,N,1,1389,
0,µm^3,Surface,N,1,1390,
0.246542,µm^3,Surface,N,1,1391,
0,µm^3,Surface,N,1,1392,
0,µm^3,Surface,N,1,1393,
0.0626613,µm^3,Surface,N,1,1394,
0,µm^3,Surface,N,1,1395,
0.0592505,µm^3,Surface,N,1,1396,
0,µm^3,Surface,N,1,1397,
0.17283,µm^3,Surface,N,1,1398,
0.27117,µm^3,Surface,N,1,1399,
0,µm^3,Surface,N,1,1400,
0,µm^3,Surface,N,1,1401,
0,µm^3,Surface,N,1,1402,
0.164007,µm^3,Surface,N,1,1403,
0.240862,µm^3,Surface,N,1,1404,
0.226251,µm^3,Surface,N,1,1405,
0.176361,µm^3,Surface,N,1,1406,
0.31978,µm^3,Surface,N,1,1407,
0,µm^3,Surface,N,1,1408,
0.0687548,µm^3,Surface,N,1,1409,
0.10543,µm^3,Surface,N,1,1410,
0.180278,µm^3,Surface,N,1,1411,
0.0473527,µm^3,Surface,N,1,1412,
0,µm^3,Surface,N,1,1413,
0,µm^3,Surface,N,1,1414,
0,µm^3,Surface,N,1,1415,
0.169189,µm^3,Surface,N,1,1417,
0,µm^3,Surface,N,1,1418,
0.33209,µm^3,Surface,N,1,1420,
0,µm^3,Surface,N,1,1421,
0.128973,µm^3,Surface,N,1,1422,
0,µm^3,Surface,N,1,1423,
0,µm^3,Surface,N,1,1424,
0.00112545,µm^3,Surface,N,1,1425,
0,µm^3,Surface,N,1,1426,
0,µm^3,Surface,N,1,1427,
0.227777,µm^3,Surface,N,1,1428,
0.176458,µm^3,Surface,N,1,1429,
0,µm^3,Surface,N,1,1430,
0.228492,µm^3,Surface,N,1,1431,
0,µm^3,Surface,N,1,1432,
0,µm^3,Surface,N,1,1434,
0,µm^3,Surface,N,1,1435,
0.332743,µm^3,Surface,N,1,1436,
0,µm^3,Surface,N,1,1437,
0.147997,µm^3,Surface,N,1,1439,
0,µm^3,Surface,N,1,1440,
0,µm^3,Surface,N,1,1442,
0.227739,µm^3,Surface,N,1,1443,
0.210392,µm^3,Surface,N,1,1444,
0,µm^3,Surface,N,1,1445,
0,µm^3,Surface,N,1,1446,
0.574687,µm^3,Surface,N,1,1447,
0,µm^3,Surface,N,1,1448,
0,µm^3,Surface,N,1,1449,
0.150862,µm^3,Surface,N,1,1450,
0.60417,µm^3,Surface,N,1,1452,
0.0965021,µm^3,Surface,N,1,1454,
0,µm^3,Surface,N,1,1456,
0,µm^3,Surface,N,1,1457,
0.419557,µm^3,Surface,N,1,1458,
0,µm^3,Surface,N,1,1459,
0,µm^3,Surface,N,1,1460,
0.194868,µm^3,Surface,N,1,1461,
0,µm^3,Surface,N,1,1462,
0,µm^3,Surface,N,1,1463,
0.20496,µm^3,Surface,N,1,1464,
0.315954,µm^3,Surface,N,1,1465,
0,µm^3,Surface,N,1,1466,
0.445141,µm^3,Surface,N,1,1467,
0,µm^3,Surface,N,1,1468,
0.324269,µm^3,Surface,N,1,1469,
0.0279349,µm^3,Surface,N,1,1470,
0,µm^3,Surface,N,1,1471,
0.24324,µm^3,Surface,N,1,1472,
0,µm^3,Surface,N,1,1473,
0.297932,µm^3,Surface,N,1,1474,
0.408861,µm^3,Surface,N,1,1477,
0.0945176,µm^3,Surface,N,1,1478,
0,µm^3,Surface,N,1,1481,
0.487235,µm^3,Surface,N,1,1482,
0,µm^3,Surface,N,1,1483,
0,µm^3,Surface,N,1,1484,
0.300348,µm^3,Surface,N,1,1485,
0.386717,µm^3,Surface,N,1,1486,
0,µm^3,Surface,N,1,1487,
0,µm^3,Surface,N,1,1490,
0.556373,µm^3,Surface,N,1,1491,
0,µm^3,Surface,N,1,1492,
0.183622,µm^3,Surface,N,1,1493,
0,µm^3,Surface,N,1,1494,
0,µm^3,Surface,N,1,1495,
0.33931,µm^3,Surface,N,1,1496,
0,µm^3,Surface,N,1,1497,
0.421055,µm^3,Surface,N,1,1498,
0,µm^3,Surface,N,1,1500,
0.447149,µm^3,Surface,N,1,1501,
0.220053,µm^3,Surface,N,1,1502,
0.44943,µm^3,Surface,N,1,1503,
0.210523,µm^3,Surface,N,1,1504,
0,µm^3,Surface,N,1,1505,
0.362163,µm^3,Surface,N,1,1506,
0.275864,µm^3,Surface,N,1,1507,
0.151288,µm^3,Surface,N,1,1509,
0.185714,µm^3,Surface,N,1,1510,
0,µm^3,Surface,N,1,1511,
0.0240167,µm^3,Surface,N,1,1512,
0,µm^3,Surface,N,1,1513,
0.146874,µm^3,Surface,N,1,1514,
0,µm^3,Surface,N,1,1515,
0.196248,µm^3,Surface,N,1,1516,
0,µm^3,Surface,N,1,1517,
0.337867,µm^3,Surface,N,1,1518,
0,µm^3,Surface,N,1,1519,
0.0993939,µm^3,Surface,N,1,1520,
0.127264,µm^3,Surface,N,1,1521,
0,µm^3,Surface,N,1,1522,
0,µm^3,Surface,N,1,1523,
0.582364,µm^3,Surface,N,1,1524,
0,µm^3,Surface,N,1,1525,
0.193555,µm^3,Surface,N,1,1526,
0,µm^3,Surface,N,1,1527,
0.0487485,µm^3,Surface,N,1,1528,
0.32641,µm^3,Surface,N,1,1529,
0,µm^3,Surface,N,1,1530,
0.230692,µm^3,Surface,N,1,1531,
0,µm^3,Surface,N,1,1532,
0,µm^3,Surface,N,1,1533,
0.17997,µm^3,Surface,N,1,1534,
0.251852,µm^3,Surface,N,1,1536,
0,µm^3,Surface,N,1,1537,
0.144721,µm^3,Surface,N,1,1538,
0,µm^3,Surface,N,1,1539,
0.0881617,µm^3,Surface,N,1,1540,
0,µm^3,Surface,N,1,1541,
0,µm^3,Surface,N,1,1542,
0.26785,µm^3,Surface,N,1,1543,
0,µm^3,Surface,N,1,1544,
0.0529813,µm^3,Surface,N,1,1545,
0.81333,µm^3,Surface,N,1,1546,
0.220854,µm^3,Surface,N,1,1548,
0.414758,µm^3,Surface,N,1,1549,
0,µm^3,Surface,N,1,1550,
0.279121,µm^3,Surface,N,1,1551,
0,µm^3,Surface,N,1,1552,
0.266789,µm^3,Surface,N,1,1553,
0,µm^3,Surface,N,1,1556,
0,µm^3,Surface,N,1,1557,
0,µm^3,Surface,N,1,1558,
0.0748836,µm^3,Surface,N,1,1559,
0,µm^3,Surface,N,1,1560,
0.166001,µm^3,Surface,N,1,1561,
0,µm^3,Surface,N,1,1562,
0.148734,µm^3,Surface,N,1,1563,
0,µm^3,Surface,N,1,1565,
0.477318,µm^3,Surface,N,1,1566,
0.110552,µm^3,Surface,N,1,1569,
0,µm^3,Surface,N,1,1570,
0,µm^3,Surface,N,1,1571,
0,µm^3,Surface,N,1,1572,
0,µm^3,Surface,N,1,1573,
0,µm^3,Surface,N,1,1574,
0.271517,µm^3,Surface,N,1,1575,
0,µm^3,Surface,N,1,1576,
0.27508,µm^3,Surface,N,1,1577,
0.302176,µm^3,Surface,N,1,1580,
0.101662,µm^3,Surface,N,1,1581,
0,µm^3,Surface,N,1,1582,
0,µm^3,Surface,N,1,1583,
0,µm^3,Surface,N,1,1584,
0.00352224,µm^3,Surface,N,1,1585,
0,µm^3,Surface,N,1,1586,
0.240657,µm^3,Surface,N,1,1587,
0,µm^3,Surface,N,1,1588,
0.540368,µm^3,Surface,N,1,1589,
0.109074,µm^3,Surface,N,1,1590,
0,µm^3,Surface,N,1,1591,
0.305181,µm^3,Surface,N,1,1593,
0.363108,µm^3,Surface,N,1,1594,
0.177507,µm^3,Surface,N,1,1595,
0,µm^3,Surface,N,1,1596,
0.570182,µm^3,Surface,N,1,1597,
0.127349,µm^3,Surface,N,1,1598,
0,µm^3,Surface,N,1,1599,
0.351281,µm^3,Surface,N,1,1600,
0.30661,µm^3,Surface,N,1,1601,
0,µm^3,Surface,N,1,1602,
0.268279,µm^3,Surface,N,1,1603,
0.84331,µm^3,Surface,N,1,1604,
0.153553,µm^3,Surface,N,1,1605,
0,µm^3,Surface,N,1,1606,
0,µm^3,Surface,N,1,1607,
0,µm^3,Surface,N,1,1608,
0,µm^3,Surface,N,1,1610,
0.0865003,µm^3,Surface,N,1,1611,
0.0550082,µm^3,Surface,N,1,1613,
0,µm^3,Surface,N,1,1615,
0.187394,µm^3,Surface,N,1,1616,
0.225606,µm^3,Surface,N,1,1617,
0,µm^3,Surface,N,1,1619,
0.0735858,µm^3,Surface,N,1,1620,
0,µm^3,Surface,N,1,1621,
0.131496,µm^3,Surface,N,1,1622,
0,µm^3,Surface,N,1,1623,
0.0954473,µm^3,Surface,N,1,1624,
0,µm^3,Surface,N,1,1625,
0.000493252,µm^3,Surface,N,1,1626,
0,µm^3,Surface,N,1,1627,
0.0943691,µm^3,Surface,N,1,1628,
0,µm^3,Surface,N,1,1629,
0.251135,µm^3,Surface,N,1,1630,
0.211227,µm^3,Surface,N,1,1631,
0,µm^3,Surface,N,1,1632,
0,µm^3,Surface,N,1,1633,
0.110316,µm^3,Surface,N,1,1634,
0.0799108,µm^3,Surface,N,1,1635,
0.209148,µm^3,Surface,N,1,1637,
0.150309,µm^3,Surface,N,1,1638,
0,µm^3,Surface,N,1,1639,
0.960425,µm^3,Surface,N,1,1641,
0,µm^3,Surface,N,1,1642,
0.303661,µm^3,Surface,N,1,1643,
0.249629,µm^3,Surface,N,1,1644,
1.07765,µm^3,Surface,N,1,1645,
0,µm^3,Surface,N,1,1646,
0.720326,µm^3,Surface,N,1,1647,
0,µm^3,Surface,N,1,1648,
0,µm^3,Surface,N,1,1649,
0,µm^3,Surface,N,1,1650,
0.325679,µm^3,Surface,N,1,1651,
0,µm^3,Surface,N,1,1652,
0,µm^3,Surface,N,1,1653,
0,µm^3,Surface,N,1,1654,
0,µm^3,Surface,N,1,1655,
0.341363,µm^3,Surface,N,1,1656,
0.233524,µm^3,Surface,N,1,1657,
0,µm^3,Surface,N,1,1658,
0.0448626,µm^3,Surface,N,1,1659,
0,µm^3,Surface,N,1,1660,
0,µm^3,Surface,N,1,1661,
0.367884,µm^3,Surface,N,1,1662,
0,µm^3,Surface,N,1,1663,
0,µm^3,Surface,N,1,1665,
0,µm^3,Surface,N,1,1666,
0.210131,µm^3,Surface,N,1,1667,
0.0858176,µm^3,Surface,N,1,1668,
0.589358,µm^3,Surface,N,1,1669,
0,µm^3,Surface,N,1,1670,
0.117949,µm^3,Surface,N,1,1671,
0.170439,µm^3,Surface,N,1,1672,
0,µm^3,Surface,N,1,1673,
0,µm^3,Surface,N,1,1674,
0,µm^3,Surface,N,1,1675,
0,µm^3,Surface,N,1,1676,
0.162652,µm^3,Surface,N,1,1677,
0.313932,µm^3,Surface,N,1,1678,
0,µm^3,Surface,N,1,1679,
0.564301,µm^3,Surface,N,1,1680,
0,µm^3,Surface,N,1,1681,
0.689871,µm^3,Surface,N,1,1682,
0.151827,µm^3,Surface,N,1,1683,
0,µm^3,Surface,N,1,1684,
0.390372,µm^3,Surface,N,1,1686,
0,µm^3,Surface,N,1,1687,
0,µm^3,Surface,N,1,1688,
0,µm^3,Surface,N,1,1689,
0,µm^3,Surface,N,1,1691,
0.137372,µm^3,Surface,N,1,1692,
0.0640744,µm^3,Surface,N,1,1694,
0.387966,µm^3,Surface,N,1,1695,
0.645026,µm^3,Surface,N,1,1696,
0.25589,µm^3,Surface,N,1,1697,
0.170099,µm^3,Surface,N,1,1698,
0.287764,µm^3,Surface,N,1,1699,
0,µm^3,Surface,N,1,1700,
0.141221,µm^3,Surface,N,1,1701,
0,µm^3,Surface,N,1,1703,
0.127231,µm^3,Surface,N,1,1704,
0,µm^3,Surface,N,1,1705,
0,µm^3,Surface,N,1,1706,
0.00871879,µm^3,Surface,N,1,1708,
0.197148,µm^3,Surface,N,1,1709,
0,µm^3,Surface,N,1,1710,
0.142444,µm^3,Surface,N,1,1711,
0.148834,µm^3,Surface,N,1,1712,
0.138925,µm^3,Surface,N,1,1713,
0,µm^3,Surface,N,1,1714,
0.0086562,µm^3,Surface,N,1,1715,
0,µm^3,Surface,N,1,1716,
0,µm^3,Surface,N,1,1718,
0.323941,µm^3,Surface,N,1,1719,
0,µm^3,Surface,N,1,1720,
0.176525,µm^3,Surface,N,1,1721,
0,µm^3,Surface,N,1,1722,
0,µm^3,Surface,N,1,1723,
0.0347013,µm^3,Surface,N,1,1724,
0,µm^3,Surface,N,1,1725,
0.223098,µm^3,Surface,N,1,1726,
0,µm^3,Surface,N,1,1728,
0,µm^3,Surface,N,1,1729,
0,µm^3,Surface,N,1,1730,
0.192973,µm^3,Surface,N,1,1731,
0,µm^3,Surface,N,1,1732,
0.634282,µm^3,Surface,N,1,1733,
0,µm^3,Surface,N,1,1734,
0,µm^3,Surface,N,1,1737,
0.593812,µm^3,Surface,N,1,1738,
0,µm^3,Surface,N,1,1739,
0,µm^3,Surface,N,1,1740,
0.723558,µm^3,Surface,N,1,1741,
0.293625,µm^3,Surface,N,1,1742,
0,µm^3,Surface,N,1,1743,
0.189517,µm^3,Surface,N,1,1744,
0.00722513,µm^3,Surface,N,1,1745,
0,µm^3,Surface,N,1,1746,
0,µm^3,Surface,N,1,1747,
0.445037,µm^3,Surface,N,1,1748,
0.4093,µm^3,Surface,N,1,1749,
0.378028,µm^3,Surface,N,1,1752,
0.0571315,µm^3,Surface,N,1,1754,
0.127115,µm^3,Surface,N,1,1755,
0,µm^3,Surface,N,1,1756,
0,µm^3,Surface,N,1,1757,
0,µm^3,Surface,N,1,1758,
0,µm^3,Surface,N,1,1759,
0,µm^3,Surface,N,1,1760,
0,µm^3,Surface,N,1,1761,
0,µm^3,Surface,N,1,1762,
0.107901,µm^3,Surface,N,1,1763,
0,µm^3,Surface,N,1,1764,
0,µm^3,Surface,N,1,1765,
0,µm^3,Surface,N,1,1766,
0,µm^3,Surface,N,1,1768,
0,µm^3,Surface,N,1,1769,
0,µm^3,Surface,N,1,1770,
0.374731,µm^3,Surface,N,1,1771,
0.148221,µm^3,Surface,N,1,1773,
0.126984,µm^3,Surface,N,1,1774,
0.138098,µm^3,Surface,N,1,1775,
0,µm^3,Surface,N,1,1776,
0.742648,µm^3,Surface,N,1,1777,
0.13898,µm^3,Surface,N,1,1778,
0,µm^3,Surface,N,1,1779,
0,µm^3,Surface,N,1,1780,
0,µm^3,Surface,N,1,1781,
0.198351,µm^3,Surface,N,1,1782,
0,µm^3,Surface,N,1,1784,
0.213454,µm^3,Surface,N,1,1785,
0.0664991,µm^3,Surface,N,1,1786,
0,µm^3,Surface,N,1,1787,
0,µm^3,Surface,N,1,1788,
0.394596,µm^3,Surface,N,1,1789,
0,µm^3,Surface,N,1,1790,
0.243253,µm^3,Surface,N,1,1791,
0.0664913,µm^3,Surface,N,1,1792,
0.210471,µm^3,Surface,N,1,1794,
0.575371,µm^3,Surface,N,1,1795,
0,µm^3,Surface,N,1,1796,
0,µm^3,Surface,N,1,1797,
0,µm^3,Surface,N,1,1798,
0,µm^3,Surface,N,1,1799,
0,µm^3,Surface,N,1,1800,
0.413703,µm^3,Surface,N,1,1801,
0.356957,µm^3,Surface,N,1,1802,
0.230001,µm^3,Surface,N,1,1803,
0,µm^3,Surface,N,1,1804,
0,µm^3,Surface,N,1,1805,
0.230543,µm^3,Surface,N,1,1806,
0,µm^3,Surface,N,1,1807,
0,µm^3,Surface,N,1,1808,
0,µm^3,Surface,N,1,1809,
0,µm^3,Surface,N,1,1811,
0,µm^3,Surface,N,1,1812,
0.365948,µm^3,Surface,N,1,1813,
0.211073,µm^3,Surface,N,1,1814,
0,µm^3,Surface,N,1,1815,
0,µm^3,Surface,N,1,1816,
0,µm^3,Surface,N,1,1817,
0.0387031,µm^3,Surface,N,1,1820,
0.0981315,µm^3,Surface,N,1,1821,
0.156912,µm^3,Surface,N,1,1822,
0.229382,µm^3,Surface,N,1,1823,
0,µm^3,Surface,N,1,1824,
0.630261,µm^3,Surface,N,1,1825,
0,µm^3,Surface,N,1,1826,
0.235019,µm^3,Surface,N,1,1828,
0,µm^3,Surface,N,1,1829,
0,µm^3,Surface,N,1,1830,
0,µm^3,Surface,N,1,1831,
0.169056,µm^3,Surface,N,1,1833,
0,µm^3,Surface,N,1,1834,
0,µm^3,Surface,N,1,1835,
0,µm^3,Surface,N,1,1836,
0,µm^3,Surface,N,1,1837,
0.231532,µm^3,Surface,N,1,1838,
0,µm^3,Surface,N,1,1840,
0,µm^3,Surface,N,1,1842,
0,µm^3,Surface,N,1,1844,
0.629308,µm^3,Surface,N,1,1845,
0,µm^3,Surface,N,1,1846,
0,µm^3,Surface,N,1,1847,
0.204615,µm^3,Surface,N,1,1848,
0,µm^3,Surface,N,1,1850,
0.173733,µm^3,Surface,N,1,1851,
0.075234,µm^3,Surface,N,1,1852,
0,µm^3,Surface,N,1,1853,
0,µm^3,Surface,N,1,1854,
0.480732,µm^3,Surface,N,1,1855,
0,µm^3,Surface,N,1,1856,
0,µm^3,Surface,N,1,1857,
0,µm^3,Surface,N,1,1858,
0,µm^3,Surface,N,1,1859,
0,µm^3,Surface,N,1,1860,
0,µm^3,Surface,N,1,1862,
0.333023,µm^3,Surface,N,1,1863,
0.257817,µm^3,Surface,N,1,1864,
0,µm^3,Surface,N,1,1865,
0,µm^3,Surface,N,1,1866,
0.164503,µm^3,Surface,N,1,1867,
0,µm^3,Surface,N,1,1868,
0.0954559,µm^3,Surface,N,1,1869,
0,µm^3,Surface,N,1,1870,
0.589448,µm^3,Surface,N,1,1871,
0,µm^3,Surface,N,1,1872,
0.235114,µm^3,Surface,N,1,1873,
0.00153533,µm^3,Surface,N,1,1874,
0,µm^3,Surface,N,1,1875,
0,µm^3,Surface,N,1,1876,
0,µm^3,Surface,N,1,1877,
0,µm^3,Surface,N,1,1878,
0.259672,µm^3,Surface,N,1,1879,
0,µm^3,Surface,N,1,1880,
0.0205985,µm^3,Surface,N,1,1882,
6.94723e-05,µm^3,Surface,N,1,1883,
0,µm^3,Surface,N,1,1884,
0,µm^3,Surface,N,1,1885,
0.153187,µm^3,Surface,N,1,1886,
0.211439,µm^3,Surface,N,1,1887,
0,µm^3,Surface,N,1,1888,
0.208759,µm^3,Surface,N,1,1889,
0,µm^3,Surface,N,1,1890,
0,µm^3,Surface,N,1,1891,
0,µm^3,Surface,N,1,1892,
0,µm^3,Surface,N,1,1893,
0.159994,µm^3,Surface,N,1,1894,
0,µm^3,Surface,N,1,1895,
0,µm^3,Surface,N,1,1896,
0,µm^3,Surface,N,1,1897,
0,µm^3,Surface,N,1,1898,
0.0693382,µm^3,Surface,N,1,1899,
0,µm^3,Surface,N,1,1901,
0,µm^3,Surface,N,1,1902,
0,µm^3,Surface,N,1,1903,
0.259851,µm^3,Surface,N,1,1904,
0.268612,µm^3,Surface,N,1,1907,
0,µm^3,Surface,N,1,1908,
0,µm^3,Surface,N,1,1909,
0,µm^3,Surface,N,1,1910,
0,µm^3,Surface,N,1,1911,
0.00736404,µm^3,Surface,N,1,1913,
0,µm^3,Surface,N,1,1914,
0.108629,µm^3,Surface,N,1,1915,
0,µm^3,Surface,N,1,1917,
0,µm^3,Surface,N,1,1918,
0,µm^3,Surface,N,1,1920,
0,µm^3,Surface,N,1,1922,
0.363691,µm^3,Surface,N,1,1923,
0,µm^3,Surface,N,1,1924,
0,µm^3,Surface,N,1,1925,
0.249022,µm^3,Surface,N,1,1926,
0.00357782,µm^3,Surface,N,1,1928,
0,µm^3,Surface,N,1,1930,
0.219278,µm^3,Surface,N,1,1931,
0.0755877,µm^3,Surface,N,1,1932,
0,µm^3,Surface,N,1,1934,
0.179251,µm^3,Surface,N,1,1936,
0.421802,µm^3,Surface,N,1,1937,
0,µm^3,Surface,N,1,1938,
0.312194,µm^3,Surface,N,1,1939,
0.173344,µm^3,Surface,N,1,1940,
0.199829,µm^3,Surface,N,1,1941,
0,µm^3,Surface,N,1,1942,
0,µm^3,Surface,N,1,1943,
0.45386,µm^3,Surface,N,1,1944,
0,µm^3,Surface,N,1,1945,
0,µm^3,Surface,N,1,1946,
0,µm^3,Surface,N,1,1947,
0,µm^3,Surface,N,1,1948,
0,µm^3,Surface,N,1,1949,
0,µm^3,Surface,N,1,1950,
0.102903,µm^3,Surface,N,1,1951,
0.210191,µm^3,Surface,N,1,1952,
0.705291,µm^3,Surface,N,1,1953,
0.190722,µm^3,Surface,N,1,1954,
0.596004,µm^3,Surface,N,1,1956,
0.081991,µm^3,Surface,N,1,1957,
0,µm^3,Surface,N,1,1958,
0.230589,µm^3,Surface,N,1,1959,
0,µm^3,Surface,N,1,1960,
0.0495338,µm^3,Surface,N,1,1961,
0,µm^3,Surface,N,1,1962,
0,µm^3,Surface,N,1,1963,
0,µm^3,Surface,N,1,1964,
0.259381,µm^3,Surface,N,1,1965,
0,µm^3,Surface,N,1,1966,
0,µm^3,Surface,N,1,1967,
0.23669,µm^3,Surface,N,1,1968,
0,µm^3,Surface,N,1,1969,
0.0921274,µm^3,Surface,N,1,1970,
0.227209,µm^3,Surface,N,1,1971,
0,µm^3,Surface,N,1,1972,
0,µm^3,Surface,N,1,1973,
0,µm^3,Surface,N,1,1974,
0.127137,µm^3,Surface,N,1,1975,
0,µm^3,Surface,N,1,1977,
0,µm^3,Surface,N,1,1978,
0.0690846,µm^3,Surface,N,1,1979,
0,µm^3,Surface,N,1,1981,
0,µm^3,Surface,N,1,1982,
0,µm^3,Surface,N,1,1983,
0,µm^3,Surface,N,1,1984,
0,µm^3,Surface,N,1,1985,
0.279789,µm^3,Surface,N,1,1986,
0.03896,µm^3,Surface,N,1,1988,
0,µm^3,Surface,N,1,1989,
0,µm^3,Surface,N,1,1990,
0.193073,µm^3,Surface,N,1,1991,
0,µm^3,Surface,N,1,1992,
0.962766,µm^3,Surface,N,1,1993,
0,µm^3,Surface,N,1,1995,
0,µm^3,Surface,N,1,1996,
0,µm^3,Surface,N,1,1998,
0,µm^3,Surface,N,1,2000,
0,µm^3,Surface,N,1,2001,
0.122878,µm^3,Surface,N,1,2002,
0,µm^3,Surface,N,1,2003,
0.192628,µm^3,Surface,N,1,2006,
0.269131,µm^3,Surface,N,1,2007,
0,µm^3,Surface,N,1,2008,
0.104706,µm^3,Surface,N,1,2011,
0.248673,µm^3,Surface,N,1,2012,
0.0607611,µm^3,Surface,N,1,2013,
0,µm^3,Surface,N,1,2014,
0.0667226,µm^3,Surface,N,1,2015,
0.0303247,µm^3,Surface,N,1,2018,
0,µm^3,Surface,N,1,2019,
0.165678,µm^3,Surface,N,1,2020,
0,µm^3,Surface,N,1,2021,
0,µm^3,Surface,N,1,2022,
0,µm^3,Surface,N,1,2023,
0,µm^3,Surface,N,1,2024,
0.22702,µm^3,Surface,N,1,2025,
0,µm^3,Surface,N,1,2026,
0,µm^3,Surface,N,1,2027,
0,µm^3,Surface,N,1,2028,
0,µm^3,Surface,N,1,2029,
0,µm^3,Surface,N,1,2030,
0,µm^3,Surface,N,1,2031,
0.207714,µm^3,Surface,N,1,2032,
0,µm^3,Surface,N,1,2034,
0,µm^3,Surface,N,1,2035,
0,µm^3,Surface,N,1,2036,
0.259639,µm^3,Surface,N,1,2038,
0,µm^3,Surface,N,1,2039,
0,µm^3,Surface,N,1,2040,
0.149215,µm^3,Surface,N,1,2041,
0,µm^3,Surface,N,1,2042,
0.153325,µm^3,Surface,N,1,2044,
0,µm^3,Surface,N,1,2045,
0,µm^3,Surface,N,1,2046,
0,µm^3,Surface,N,1,2047,
0,µm^3,Surface,N,1,2048,
0,µm^3,Surface,N,1,2049,
0,µm^3,Surface,N,1,2052,
0,µm^3,Surface,N,1,2053,
0.263334,µm^3,Surface,N,1,2054,
0,µm^3,Surface,N,1,2055,
0,µm^3,Surface,N,1,2056,
0,µm^3,Surface,N,1,2057,
0,µm^3,Surface,N,1,2058,
0,µm^3,Surface,N,1,2059,
0.432993,µm^3,Surface,N,1,2060,
0,µm^3,Surface,N,1,2061,
0,µm^3,Surface,N,1,2062,
0.00810045,µm^3,Surface,N,1,2063,
0.0955731,µm^3,Surface,N,1,2064,
0,µm^3,Surface,N,1,2065,
0.000847559,µm^3,Surface,N,1,2066,
0,µm^3,Surface,N,1,2067,
0.0979872,µm^3,Surface,N,1,2068,
0,µm^3,Surface,N,1,2070,
0,µm^3,Surface,N,1,2071,
0,µm^3,Surface,N,1,2072,
0,µm^3,Surface,N,1,2073,
0,µm^3,Surface,N,1,2075,
0.140394,µm^3,Surface,N,1,2076,
0,µm^3,Surface,N,1,2077,
0,µm^3,Surface,N,1,2078,
0.0143877,µm^3,Surface,N,1,2079,
0,µm^3,Surface,N,1,2080,
0,µm^3,Surface,N,1,2081,
0.00741269,µm^3,Surface,N,1,2083,
0.359809,µm^3,Surface,N,1,2085,
0,µm^3,Surface,N,1,2086,
0.116985,µm^3,Surface,N,1,2087,
0,µm^3,Surface,N,1,2088,
0,µm^3,Surface,N,1,2089,
0,µm^3,Surface,N,1,2090,
0.159107,µm^3,Surface,N,1,2091,
0,µm^3,Surface,N,1,2092,
0,µm^3,Surface,N,1,2094,
0,µm^3,Surface,N,1,2095,
0,µm^3,Surface,N,1,2096,
0,µm^3,Surface,N,1,2097,
0.0368758,µm^3,Surface,N,1,2098,
0,µm^3,Surface,N,1,2099,
0.0928638,µm^3,Surface,N,1,2100,
0,µm^3,Surface,N,1,2101,
0,µm^3,Surface,N,1,2102,
0,µm^3,Surface,N,1,2103,
0,µm^3,Surface,N,1,2104,
0,µm^3,Surface,N,1,2105,
0.125725,µm^3,Surface,N,1,2106,
0,µm^3,Surface,N,1,2107,
0,µm^3,Surface,N,1,2108,
0.0263995,µm^3,Surface,N,1,2110,
0.172512,µm^3,Surface,N,1,2111,
0.0113796,µm^3,Surface,N,1,2113,
0.0837682,µm^3,Surface,N,1,2114,
0,µm^3,Surface,N,1,2116,
0,µm^3,Surface,N,1,2117,
0.0357254,µm^3,Surface,N,1,2118,
0,µm^3,Surface,N,1,2119,
0.0533944,µm^3,Surface,N,1,2121,
0,µm^3,Surface,N,1,2122,
0.198795,µm^3,Surface,N,1,2123,
0,µm^3,Surface,N,1,2124,
0,µm^3,Surface,N,1,2125,
0,µm^3,Surface,N,1,2126,
0,µm^3,Surface,N,1,2129,
0.00223701,µm^3,Surface,N,1,2130,
0.0677845,µm^3,Surface,N,1,2131,
0,µm^3,Surface,N,1,2132,
0,µm^3,Surface,N,1,2133,
0,µm^3,Surface,N,1,2134,
0,µm^3,Surface,N,1,2135,
0,µm^3,Surface,N,1,2136,
0,µm^3,Surface,N,1,2137,
0,µm^3,Surface,N,1,2138,
0,µm^3,Surface,N,1,2140,
0,µm^3,Surface,N,1,2141,
0,µm^3,Surface,N,1,2142,
0,µm^3,Surface,N,1,2144,
0,µm^3,Surface,N,1,2145,
0,µm^3,Surface,N,1,2146,
0,µm^3,Surface,N,1,2147,
0.357664,µm^3,Surface,N,1,2148,
0.253295,µm^3,Surface,N,1,2149,
0,µm^3,Surface,N,1,2150,
0,µm^3,Surface,N,1,2151,
0.199569,µm^3,Surface,N,1,2152,
0.0130747,µm^3,Surface,N,1,2153,
0,µm^3,Surface,N,1,2154,
0,µm^3,Surface,N,1,2155,
0,µm^3,Surface,N,1,2156,
0,µm^3,Surface,N,1,2157,
0.0152589,µm^3,Surface,N,1,2158,
0,µm^3,Surface,N,1,2159,
0.649603,µm^3,Surface,N,1,2160,
0,µm^3,Surface,N,1,2161,
0,µm^3,Surface,N,1,2162,
0,µm^3,Surface,N,1,2164,
0,µm^3,Surface,N,1,2165,
0,µm^3,Surface,N,1,2166,
0,µm^3,Surface,N,1,2167,
0,µm^3,Surface,N,1,2168,
0,µm^3,Surface,N,1,2169,
0.00286226,µm^3,Surface,N,1,2170,
0,µm^3,Surface,N,1,2171,
0,µm^3,Surface,N,1,2172,
0.0638336,µm^3,Surface,N,1,2174,
0,µm^3,Surface,N,1,2175,
0,µm^3,Surface,N,1,2176,
0,µm^3,Surface,N,1,2177,
0,µm^3,Surface,N,1,2178,
0,µm^3,Surface,N,1,2179,
0,µm^3,Surface,N,1,2180,
0,µm^3,Surface,N,1,2181,
0,µm^3,Surface,N,1,2182,
0,µm^3,Surface,N,1,2183,
0.633202,µm^3,Surface,N,1,2184,
0,µm^3,Surface,N,1,2185,
0,µm^3,Surface,N,1,2186,
0,µm^3,Surface,N,1,2187,
0.0122202,µm^3,Surface,N,1,2188,
0,µm^3,Surface,N,1,2189,
0,µm^3,Surface,N,1,2190,
0,µm^3,Surface,N,1,2191,
0,µm^3,Surface,N,1,2192,
0,µm^3,Surface,N,1,2193,
0,µm^3,Surface,N,1,2194,
0,µm^3,Surface,N,1,2195,
0,µm^3,Surface,N,1,2197,
0,µm^3,Surface,N,1,2198,
0,µm^3,Surface,N,1,2199,
0,µm^3,Surface,N,1,2200,
0,µm^3,Surface,N,1,2201,
0.353848,µm^3,Surface,N,1,2202,
0.177124,µm^3,Surface,N,1,2203,
0,µm^3,Surface,N,1,2204,
0,µm^3,Surface,N,1,2205,
0,µm^3,Surface,N,1,2206,
0.388822,µm^3,Surface,N,1,2207,
0,µm^3,Surface,N,1,2208,
0.152187,µm^3,Surface,N,1,2210,
0.329815,µm^3,Surface,N,1,2211,
0,µm^3,Surface,N,1,2212,
0,µm^3,Surface,N,1,2213,
0,µm^3,Surface,N,1,2214,
0,µm^3,Surface,N,1,2215,
0,µm^3,Surface,N,1,2216,
0.0542511,µm^3,Surface,N,1,2217,
0,µm^3,Surface,N,1,2219,
0.979791,µm^3,Surface,N,1,2220,
0,µm^3,Surface,N,1,2221,
0,µm^3,Surface,N,1,2222,
0.228798,µm^3,Surface,N,1,2223,
0,µm^3,Surface,N,1,2224,
0,µm^3,Surface,N,1,2225,
0,µm^3,Surface,N,1,2226,
0,µm^3,Surface,N,1,2227,
0.38235,µm^3,Surface,N,1,2228,
0.000458514,µm^3,Surface,N,1,2229,
0,µm^3,Surface,N,1,2230,
0,µm^3,Surface,N,1,2231,
0,µm^3,Surface,N,1,2232,
0,µm^3,Surface,N,1,2233,
0,µm^3,Surface,N,1,2234,
0,µm^3,Surface,N,1,2235,
0,µm^3,Surface,N,1,2236,
0,µm^3,Surface,N,1,2237,
0,µm^3,Surface,N,1,2238,
0,µm^3,Surface,N,1,2239,
0,µm^3,Surface,N,1,2240,
0,µm^3,Surface,N,1,2241,
0,µm^3,Surface,N,1,2242,
0.319021,µm^3,Surface,N,1,2243,
0,µm^3,Surface,N,1,2244,
0,µm^3,Surface,N,1,2245,
0,µm^3,Surface,N,1,2247,
0.116061,µm^3,Surface,N,1,2248,
0,µm^3,Surface,N,1,2249,
0,µm^3,Surface,N,1,2250,
0,µm^3,Surface,N,1,2251,
0,µm^3,Surface,N,1,2252,
0,µm^3,Surface,N,1,2253,
0,µm^3,Surface,N,1,2254,
0,µm^3,Surface,N,1,2255,
0.101614,µm^3,Surface,N,1,2256,
0,µm^3,Surface,N,1,2257,
0,µm^3,Surface,N,1,2258,
0.412394,µm^3,Surface,N,1,2259,
0,µm^3,Surface,N,1,2260,
0,µm^3,Surface,N,1,2261,
0,µm^3,Surface,N,1,2262,
0,µm^3,Surface,N,1,2263,
0,µm^3,Surface,N,1,2264,
0,µm^3,Surface,N,1,2265,
0,µm^3,Surface,N,1,2266,
0,µm^3,Surface,N,1,2267,
0,µm^3,Surface,N,1,2268,
0.158357,µm^3,Surface,N,1,2269,
0,µm^3,Surface,N,1,2270,
0,µm^3,Surface,N,1,2271,
0,µm^3,Surface,N,1,2272,
0,µm^3,Surface,N,1,2273,
0,µm^3,Surface,N,1,2275,
0,µm^3,Surface,N,1,2276,
0.00341804,µm^3,Surface,N,1,2277,
0.228685,µm^3,Surface,N,1,2278,
0,µm^3,Surface,N,1,2279,
0.109833,µm^3,Surface,N,1,2280,
0,µm^3,Surface,N,1,2281,
0,µm^3,Surface,N,1,2282,
0,µm^3,Surface,N,1,2283,
0,µm^3,Surface,N,1,2284,
0,µm^3,Surface,N,1,2285,
0,µm^3,Surface,N,1,2286,
0,µm^3,Surface,N,1,2287,
0,µm^3,Surface,N,1,2289,
0,µm^3,Surface,N,1,2290,
0,µm^3,Surface,N,1,2291,
0.0701404,µm^3,Surface,N,1,2292,
0,µm^3,Surface,N,1,2294,
0,µm^3,Surface,N,1,2295,
0,µm^3,Surface,N,1,2297,
0.0181809,µm^3,Surface,N,1,2298,
0,µm^3,Surface,N,1,2299,
0,µm^3,Surface,N,1,2301,
0,µm^3,Surface,N,1,2302,
0,µm^3,Surface,N,1,2303,
0.650224,µm^3,Surface,N,1,2304,
0,µm^3,Surface,N,1,2305,
0,µm^3,Surface,N,1,2306,
0.188039,µm^3,Surface,N,1,2307,
0,µm^3,Surface,N,1,2308,
0,µm^3,Surface,N,1,2309,
0,µm^3,Surface,N,1,2310,
0,µm^3,Surface,N,1,2311,
0.0500405,µm^3,Surface,N,1,2312,
0,µm^3,Surface,N,1,2313,
0.489777,µm^3,Surface,N,1,2314,
0,µm^3,Surface,N,1,2315,
0,µm^3,Surface,N,1,2316,
0.000298731,µm^3,Surface,N,1,2317,
0,µm^3,Surface,N,1,2319,
0,µm^3,Surface,N,1,2320,
0,µm^3,Surface,N,1,2321,
0,µm^3,Surface,N,1,2323,
0,µm^3,Surface,N,1,2324,
0,µm^3,Surface,N,1,2325,
0,µm^3,Surface,N,1,2326,
0,µm^3,Surface,N,1,2327,
0,µm^3,Surface,N,1,2328,
0,µm^3,Surface,N,1,2329,
0,µm^3,Surface,N,1,2330,
0,µm^3,Surface,N,1,2331,
0,µm^3,Surface,N,1,2332,
0.00532851,µm^3,Surface,N,1,2334,
0,µm^3,Surface,N,1,2336,
0.0477876,µm^3,Surface,N,1,2337,
0,µm^3,Surface,N,1,2338,
0,µm^3,Surface,N,1,2339,
0,µm^3,Surface,N,1,2341,
0.193428,µm^3,Surface,N,1,2342,
0,µm^3,Surface,N,1,2344,
0,µm^3,Surface,N,1,2345,
0,µm^3,Surface,N,1,2346,
0,µm^3,Surface,N,1,2347,
0,µm^3,Surface,N,1,2348,
0,µm^3,Surface,N,1,2349,
0,µm^3,Surface,N,1,2350,
0,µm^3,Surface,N,1,2351,
0,µm^3,Surface,N,1,2352,
0,µm^3,Surface,N,1,2355,
0,µm^3,Surface,N,1,2356,
0,µm^3,Surface,N,1,2357,
0.308034,µm^3,Surface,N,1,2358,
0,µm^3,Surface,N,1,2359,
0,µm^3,Surface,N,1,2360,
0,µm^3,Surface,N,1,2361,
0.0946755,µm^3,Surface,N,1,2362,
0.0375081,µm^3,Surface,N,1,2364,
0.0104625,µm^3,Surface,N,1,2365,
0,µm^3,Surface,N,1,2366,
0,µm^3,Surface,N,1,2367,
0,µm^3,Surface,N,1,2368,
0,µm^3,Surface,N,1,2369,
0,µm^3,Surface,N,1,2370,
0,µm^3,Surface,N,1,2372,
0,µm^3,Surface,N,1,2373,
0,µm^3,Surface,N,1,2374,
0.0911886,µm^3,Surface,N,1,2375,
0,µm^3,Surface,N,1,2377,
0,µm^3,Surface,N,1,2378,
0.00209806,µm^3,Surface,N,1,2379,
0,µm^3,Surface,N,1,2380,
0,µm^3,Surface,N,1,2381,
0,µm^3,Surface,N,1,2382,
0,µm^3,Surface,N,1,2383,
0,µm^3,Surface,N,1,2384,
0.0287684,µm^3,Surface,N,1,2385,
0,µm^3,Surface,N,1,2386,
0,µm^3,Surface,N,1,2387,
0,µm^3,Surface,N,1,2388,
0,µm^3,Surface,N,1,2389,
0,µm^3,Surface,N,1,2390,
0,µm^3,Surface,N,1,2391,
0,µm^3,Surface,N,1,2392,
0,µm^3,Surface,N,1,2393,
0,µm^3,Surface,N,1,2394,
0,µm^3,Surface,N,1,2395,
0,µm^3,Surface,N,1,2396,
0,µm^3,Surface,N,1,2397,
0,µm^3,Surface,N,1,2398,
0,µm^3,Surface,N,1,2399,
0,µm^3,Surface,N,1,2400,
0,µm^3,Surface,N,1,2401,
0,µm^3,Surface,N,1,2402,
0,µm^3,Surface,N,1,2403,
0,µm^3,Surface,N,1,2407,
0,µm^3,Surface,N,1,2408,
0,µm^3,Surface,N,1,2409,
0,µm^3,Surface,N,1,2410,
0.0926069,µm^3,Surface,N,1,2411,
0,µm^3,Surface,N,1,2412,
0,µm^3,Surface,N,1,2413,
0,µm^3,Surface,N,1,2414,
0,µm^3,Surface,N,1,2415,
0,µm^3,Surface,N,1,2416,
0,µm^3,Surface,N,1,2417,
0,µm^3,Surface,N,1,2419,
0,µm^3,Surface,N,1,2420,
0,µm^3,Surface,N,1,2421,
0,µm^3,Surface,N,1,2422,
0,µm^3,Surface,N,1,2423,
0,µm^3,Surface,N,1,2424,
0,µm^3,Surface,N,1,2425,
0,µm^3,Surface,N,1,2426,
0.0473522,µm^3,Surface,N,1,2427,
0,µm^3,Surface,N,1,2428,
0,µm^3,Surface,N,1,2429,
0,µm^3,Surface,N,1,2430,
0,µm^3,Surface,N,1,2431,
0,µm^3,Surface,N,1,2432,
0,µm^3,Surface,N,1,2433,
0,µm^3,Surface,N,1,2434,
0,µm^3,Surface,N,1,2435,
0,µm^3,Surface,N,1,2436,
0,µm^3,Surface,N,1,2437,
0,µm^3,Surface,N,1,2438,
0,µm^3,Surface,N,1,2439,
0,µm^3,Surface,N,1,2440,
0,µm^3,Surface,N,1,2441,
0,µm^3,Surface,N,1,2442,
0,µm^3,Surface,N,1,2443,
0,µm^3,Surface,N,1,2445,
0.165154,µm^3,Surface,N,1,2446,
0,µm^3,Surface,N,1,2447,
0,µm^3,Surface,N,1,2448,
0,µm^3,Surface,N,1,2449,
0,µm^3,Surface,N,1,2450,
0,µm^3,Surface,N,1,2451,
0,µm^3,Surface,N,1,2452,
0,µm^3,Surface,N,1,2453,
0,µm^3,Surface,N,1,2454,
0.00143113,µm^3,Surface,N,1,2455,
0,µm^3,Surface,N,1,2456,
0,µm^3,Surface,N,1,2457,
0,µm^3,Surface,N,1,2458,
0,µm^3,Surface,N,1,2459,
0,µm^3,Surface,N,1,2460,
0,µm^3,Surface,N,1,2461,
0.0375359,µm^3,Surface,N,1,2462,
0,µm^3,Surface,N,1,2463,
0,µm^3,Surface,N,1,2465,
0,µm^3,Surface,N,1,2467,
0,µm^3,Surface,N,1,2468,
0,µm^3,Surface,N,1,2469,
0,µm^3,Surface,N,1,2470,
0,µm^3,Surface,N,1,2471,
0,µm^3,Surface,N,1,2472,
0,µm^3,Surface,N,1,2473,
0,µm^3,Surface,N,1,2474,
0,µm^3,Surface,N,1,2475,
0,µm^3,Surface,N,1,2476,
0,µm^3,Surface,N,1,2477,
0,µm^3,Surface,N,1,2478,
0,µm^3,Surface,N,1,2479,
0,µm^3,Surface,N,1,2480,
0,µm^3,Surface,N,1,2481,
0,µm^3,Surface,N,1,2482,
0,µm^3,Surface,N,1,2484,
0,µm^3,Surface,N,1,2485,
0,µm^3,Surface,N,1,2486,
0,µm^3,Surface,N,1,2488,
0,µm^3,Surface,N,1,2489,
0,µm^3,Surface,N,1,2490,
0,µm^3,Surface,N,1,2491,
0,µm^3,Surface,N,1,2492,
0,µm^3,Surface,N,1,2493,
0,µm^3,Surface,N,1,2494,
0,µm^3,Surface,N,1,2495,
0,µm^3,Surface,N,1,2496,
0,µm^3,Surface,N,1,2497,
0,µm^3,Surface,N,1,2498,
0,µm^3,Surface,N,1,2499,
0,µm^3,Surface,N,1,2500,
0,µm^3,Surface,N,1,2501,
0,µm^3,Surface,N,1,2502,
0,µm^3,Surface,N,1,2503,
0,µm^3,Surface,N,1,2504,
0,µm^3,Surface,N,1,2505,
0,µm^3,Surface,N,1,2506,
0,µm^3,Surface,N,1,2507,
0,µm^3,Surface,N,1,2508,
0,µm^3,Surface,N,1,2509,
0,µm^3,Surface,N,1,2510,
0,µm^3,Surface,N,1,2511,
0,µm^3,Surface,N,1,2512,
0,µm^3,Surface,N,1,2513,
0,µm^3,Surface,N,1,2515,
0,µm^3,Surface,N,1,2516,
0,µm^3,Surface,N,1,2517,
0,µm^3,Surface,N,1,2518,
0,µm^3,Surface,N,1,2519,
0,µm^3,Surface,N,1,2520,
0,µm^3,Surface,N,1,2521,
0,µm^3,Surface,N,1,2523,
0,µm^3,Surface,N,1,2524,
0,µm^3,Surface,N,1,2525,
0,µm^3,Surface,N,1,2528,
0,µm^3,Surface,N,1,2529,
0,µm^3,Surface,N,1,2530,
0,µm^3,Surface,N,1,2531,
0,µm^3,Surface,N,1,2532,
0,µm^3,Surface,N,1,2533,
0,µm^3,Surface,N,1,2534,
0.01502,µm^3,Surface,N,1,2535,
0,µm^3,Surface,N,1,2536,
0,µm^3,Surface,N,1,2537,
0,µm^3,Surface,N,1,2538,
0,µm^3,Surface,N,1,2539,
0,µm^3,Surface,N,1,2540,
0,µm^3,Surface,N,1,2541,
0,µm^3,Surface,N,1,2543,
0,µm^3,Surface,N,1,2544,
0,µm^3,Surface,N,1,2546,
0,µm^3,Surface,N,1,2547,
0,µm^3,Surface,N,1,2548,
0,µm^3,Surface,N,1,2549,
0,µm^3,Surface,N,1,2550,
0,µm^3,Surface,N,1,2551,
0,µm^3,Surface,N,1,2552,
0,µm^3,Surface,N,1,2554,
0,µm^3,Surface,N,1,2555,
0,µm^3,Surface,N,1,2557,
0,µm^3,Surface,N,1,2558,
0,µm^3,Surface,N,1,2560,
0,µm^3,Surface,N,1,2561,
0,µm^3,Surface,N,1,2562,
0,µm^3,Surface,N,1,2563,
0,µm^3,Surface,N,1,2564,
0,µm^3,Surface,N,1,2565,
0,µm^3,Surface,N,1,2566,
0,µm^3,Surface,N,1,2567,
0,µm^3,Surface,N,1,2568,
0,µm^3,Surface,N,1,2569,
0,µm^3,Surface,N,1,2570,
0,µm^3,Surface,N,1,2573,
0,µm^3,Surface,N,1,2574,
0,µm^3,Surface,N,1,2575,
0,µm^3,Surface,N,1,2577,
0,µm^3,Surface,N,1,2578,
0,µm^3,Surface,N,1,2579,
0,µm^3,Surface,N,1,2580,
0,µm^3,Surface,N,1,2581,
0,µm^3,Surface,N,1,2582,
0,µm^3,Surface,N,1,2583,
0,µm^3,Surface,N,1,2585,
0,µm^3,Surface,N,1,2586,
0,µm^3,Surface,N,1,2587,
0,µm^3,Surface,N,1,2588,
0,µm^3,Surface,N,1,2589,
0,µm^3,Surface,N,1,2590,
0,µm^3,Surface,N,1,2591,
0,µm^3,Surface,N,1,2592,
0,µm^3,Surface,N,1,2594,
0,µm^3,Surface,N,1,2595,
0,µm^3,Surface,N,1,2596,
0,µm^3,Surface,N,1,2597,
0,µm^3,Surface,N,1,2599,
0,µm^3,Surface,N,1,2600,
0,µm^3,Surface,N,1,2601,
0,µm^3,Surface,N,1,2602,
0,µm^3,Surface,N,1,2603,
0,µm^3,Surface,N,1,2604,
0,µm^3,Surface,N,1,2605,
0,µm^3,Surface,N,1,2606,
0,µm^3,Surface,N,1,2607,
0,µm^3,Surface,N,1,2608,
0,µm^3,Surface,N,1,2609,
0,µm^3,Surface,N,1,2610,
0,µm^3,Surface,N,1,2611,
0,µm^3,Surface,N,1,2612,
0,µm^3,Surface,N,1,2613,
0,µm^3,Surface,N,1,2614,
0,µm^3,Surface,N,1,2616,
0,µm^3,Surface,N,1,2617,
0,µm^3,Surface,N,1,2618,
0,µm^3,Surface,N,1,2619,
0,µm^3,Surface,N,1,2620,
0,µm^3,Surface,N,1,2621,
0,µm^3,Surface,N,1,2622,
0,µm^3,Surface,N,1,2623,
0,µm^3,Surface,N,1,2624,
0,µm^3,Surface,N,1,2625,
0,µm^3,Surface,N,1,2627,
0,µm^3,Surface,N,1,2629,
0,µm^3,Surface,N,1,2630,
0,µm^3,Surface,N,1,2631,
0,µm^3,Surface,N,1,2632,
0,µm^3,Surface,N,1,2633,
0,µm^3,Surface,N,1,2634,
0,µm^3,Surface,N,1,2635,
0,µm^3,Surface,N,1,2636,
0,µm^3,Surface,N,1,2638,
0,µm^3,Surface,N,1,2639,
0,µm^3,Surface,N,1,2640,
0,µm^3,Surface,N,1,2641,
0,µm^3,Surface,N,1,2642,
0,µm^3,Surface,N,1,2643,
0,µm^3,Surface,N,1,2644,
0,µm^3,Surface,N,1,2645,
0,µm^3,Surface,N,1,2646,
0,µm^3,Surface,N,1,2647,
0,µm^3,Surface,N,1,2648,
0,µm^3,Surface,N,1,2649,
0,µm^3,Surface,N,1,2650,
0,µm^3,Surface,N,1,2651,
0,µm^3,Surface,N,1,2652,
0,µm^3,Surface,N,1,2653,
0,µm^3,Surface,N,1,2654,
0,µm^3,Surface,N,1,2655,
0,µm^3,Surface,N,1,2656,
0,µm^3,Surface,N,1,2657,
0,µm^3,Surface,N,1,2658,
0,µm^3,Surface,N,1,2659,
0,µm^3,Surface,N,1,2660,
0,µm^3,Surface,N,1,2661,
0,µm^3,Surface,N,1,2662,
0,µm^3,Surface,N,1,2663,
0,µm^3,Surface,N,1,2664,
0,µm^3,Surface,N,1,2665,
0,µm^3,Surface,N,1,2666,
0,µm^3,Surface,N,1,2667,
0,µm^3,Surface,N,1,2668,
0,µm^3,Surface,N,1,2669,
0,µm^3,Surface,N,1,2670,
0,µm^3,Surface,N,1,2672,
0,µm^3,Surface,N,1,2673,
0,µm^3,Surface,N,1,2674,
0,µm^3,Surface,N,1,2675,
0,µm^3,Surface,N,1,2676,
0,µm^3,Surface,N,1,2677,
0,µm^3,Surface,N,1,2678,
0,µm^3,Surface,N,1,2679,
0,µm^3,Surface,N,1,2680,
0,µm^3,Surface,N,1,2681,
0,µm^3,Surface,N,1,2682,
0,µm^3,Surface,N,1,2683,
0,µm^3,Surface,N,1,2684,
0,µm^3,Surface,N,1,2685,
0,µm^3,Surface,N,1,2686,
0,µm^3,Surface,N,1,2687,
0,µm^3,Surface,N,1,2688,
0,µm^3,Surface,N,1,2689,
0,µm^3,Surface,N,1,2690,
0,µm^3,Surface,N,1,2691,
0,µm^3,Surface,N,1,2692,
0,µm^3,Surface,N,1,2695,
0,µm^3,Surface,N,1,2696,
0,µm^3,Surface,N,1,2697,
0,µm^3,Surface,N,1,2698,
0,µm^3,Surface,N,1,2699,
0,µm^3,Surface,N,1,2700,
0,µm^3,Surface,N,1,2701,
0,µm^3,Surface,N,1,2702,
0,µm^3,Surface,N,1,2703,
0,µm^3,Surface,N,1,2704,
0,µm^3,Surface,N,1,2705,
0,µm^3,Surface,N,1,2706,
0,µm^3,Surface,N,1,2707,
0,µm^3,Surface,N,1,2709,
0,µm^3,Surface,N,1,2710,
0,µm^3,Surface,N,1,2711,
0,µm^3,Surface,N,1,2712,
0,µm^3,Surface,N,1,2714,
0,µm^3,Surface,N,1,2715,
0,µm^3,Surface,N,1,2716,
0,µm^3,Surface,N,1,2717,
0,µm^3,Surface,N,1,2718,
0,µm^3,Surface,N,1,2719,
0,µm^3,Surface,N,1,2720,
0,µm^3,Surface,N,1,2721,
0,µm^3,Surface,N,1,2722,
0,µm^3,Surface,N,1,2723,
0,µm^3,Surface,N,1,2724,
0,µm^3,Surface,N,1,2725,
0,µm^3,Surface,N,1,2726,
0,µm^3,Surface,N,1,2727,
0,µm^3,Surface,N,1,2730,
0,µm^3,Surface,N,1,2731,
0,µm^3,Surface,N,1,2732,
0,µm^3,Surface,N,1,2733,
0,µm^3,Surface,N,1,2734,
0,µm^3,Surface,N,1,2735,
0,µm^3,Surface,N,1,2736,
0,µm^3,Surface,N,1,2737,
0,µm^3,Surface,N,1,2738,
0,µm^3,Surface,N,1,2739,
0,µm^3,Surface,N,1,2740,
0,µm^3,Surface,N,1,2742,
0,µm^3,Surface,N,1,2743,
0,µm^3,Surface,N,1,2744,
0,µm^3,Surface,N,1,2745,
0,µm^3,Surface,N,1,2746,
0,µm^3,Surface,N,1,2747,
0,µm^3,Surface,N,1,2748,
0,µm^3,Surface,N,1,2749,
0,µm^3,Surface,N,1,2750,
0,µm^3,Surface,N,1,2751,
0,µm^3,Surface,N,1,2752,
0,µm^3,Surface,N,1,2753,
0,µm^3,Surface,N,1,2754,
0,µm^3,Surface,N,1,2755,
0,µm^3,Surface,N,1,2756,
0,µm^3,Surface,N,1,2757,
0,µm^3,Surface,N,1,2758,
0,µm^3,Surface,N,1,2759,
0,µm^3,Surface,N,1,2760,
0,µm^3,Surface,N,1,2761,
0,µm^3,Surface,N,1,2762,
0,µm^3,Surface,N,1,2763,
0,µm^3,Surface,N,1,2764,
0,µm^3,Surface,N,1,2765,
0,µm^3,Surface,N,1,2766,
0,µm^3,Surface,N,1,2767,
0,µm^3,Surface,N,1,2768,
0,µm^3,Surface,N,1,2769,
0,µm^3,Surface,N,1,2770,
0,µm^3,Surface,N,1,2771,
0,µm^3,Surface,N,1,2772,
0,µm^3,Surface,N,1,2773,
0,µm^3,Surface,N,1,2774,
0,µm^3,Surface,N,1,2775,
0,µm^3,Surface,N,1,2776,
0,µm^3,Surface,N,1,2777,
0,µm^3,Surface,N,1,2778,
0,µm^3,Surface,N,1,2779,
0,µm^3,Surface,N,1,2780,
0,µm^3,Surface,N,1,2781,
0,µm^3,Surface,N,1,2783,
0,µm^3,Surface,N,1,2784,
0,µm^3,Surface,N,1,2785,
0,µm^3,Surface,N,1,2786,
0,µm^3,Surface,N,1,2787,
0,µm^3,Surface,N,1,2788,
0,µm^3,Surface,N,1,2789,
0,µm^3,Surface,N,1,2790,
0,µm^3,Surface,N,1,2792,
0,µm^3,Surface,N,1,2794,
0,µm^3,Surface,N,1,2795,
0,µm^3,Surface,N,1,2796,
0,µm^3,Surface,N,1,2797,
0,µm^3,Surface,N,1,2798,
0,µm^3,Surface,N,1,2799,
0,µm^3,Surface,N,1,2800,
0,µm^3,Surface,N,1,2801,
0,µm^3,Surface,N,1,2802,
0,µm^3,Surface,N,1,2803,
0,µm^3,Surface,N,1,2804,
0,µm^3,Surface,N,1,2805,
0,µm^3,Surface,N,1,2806,
0,µm^3,Surface,N,1,2807,
0,µm^3,Surface,N,1,2808,
0,µm^3,Surface,N,1,2809,
0,µm^3,Surface,N,1,2810,
0,µm^3,Surface,N,1,2811,
0,µm^3,Surface,N,1,2812,
0,µm^3,Surface,N,1,2813,
0,µm^3,Surface,N,1,2814,
0,µm^3,Surface,N,1,2815,
0,µm^3,Surface,N,1,2816,
0,µm^3,Surface,N,1,2817,
0,µm^3,Surface,N,1,2818,
0,µm^3,Surface,N,1,2819,
0,µm^3,Surface,N,1,2820,
0,µm^3,Surface,N,1,2821,
0,µm^3,Surface,N,1,2822,
0,µm^3,Surface,N,1,2824,
0,µm^3,Surface,N,1,2827,
0,µm^3,Surface,N,1,2828,
0.0266216,µm^3,Surface,N,1,2829,
0,µm^3,Surface,N,1,2830,
0,µm^3,Surface,N,1,2831,
0,µm^3,Surface,N,1,2832,
0,µm^3,Surface,N,1,2833,
0,µm^3,Surface,N,1,2834,
0,µm^3,Surface,N,1,2835,
0,µm^3,Surface,N,1,2836,
0,µm^3,Surface,N,1,2837,
0,µm^3,Surface,N,1,2838,
0,µm^3,Surface,N,1,2839,
0,µm^3,Surface,N,1,2840,
0,µm^3,Surface,N,1,2841,
0,µm^3,Surface,N,1,2842,
0,µm^3,Surface,N,1,2843,
0,µm^3,Surface,N,1,2844,
0,µm^3,Surface,N,1,2845,
0,µm^3,Surface,N,1,2846,
0,µm^3,Surface,N,1,2847,
0,µm^3,Surface,N,1,2848,
0,µm^3,Surface,N,1,2849,
0,µm^3,Surface,N,1,2850,
0,µm^3,Surface,N,1,2851,
0,µm^3,Surface,N,1,2852,
0,µm^3,Surface,N,1,2853,
0,µm^3,Surface,N,1,2854,
0.00521041,µm^3,Surface,N,1,2855,
0,µm^3,Surface,N,1,2856,
0.00905225,µm^3,Surface,N,1,2857,
0,µm^3,Surface,N,1,2858,
0,µm^3,Surface,N,1,2859,
0,µm^3,Surface,N,1,2861,
0,µm^3,Surface,N,1,2863,
0,µm^3,Surface,N,1,2864,
0,µm^3,Surface,N,1,2865,
0,µm^3,Surface,N,1,2866,
0,µm^3,Surface,N,1,2867,
0,µm^3,Surface,N,1,2868,
0,µm^3,Surface,N,1,2869,
0,µm^3,Surface,N,1,2870,
0,µm^3,Surface,N,1,2871,
0,µm^3,Surface,N,1,2872,
0,µm^3,Surface,N,1,2873,
0,µm^3,Surface,N,1,2874,
0,µm^3,Surface,N,1,2875,
0,µm^3,Surface,N,1,2876,
0,µm^3,Surface,N,1,2877,
0,µm^3,Surface,N,1,2878,
0,µm^3,Surface,N,1,2879,
0,µm^3,Surface,N,1,2880,
0,µm^3,Surface,N,1,2881,
0,µm^3,Surface,N,1,2882,
0,µm^3,Surface,N,1,2883,
0,µm^3,Surface,N,1,2884,
0,µm^3,Surface,N,1,2885,
0,µm^3,Surface,N,1,2886,
0,µm^3,Surface,N,1,2887,
0,µm^3,Surface,N,1,2888,
0,µm^3,Surface,N,1,2889,
0,µm^3,Surface,N,1,2890,
0,µm^3,Surface,N,1,2891,
0,µm^3,Surface,N,1,2892,
0,µm^3,Surface,N,1,2893,
0.127926,µm^3,Surface,N,1,2894,
0,µm^3,Surface,N,1,2895,
0,µm^3,Surface,N,1,2896,
0,µm^3,Surface,N,1,2898,
0,µm^3,Surface,N,1,2899,
0.0462339,µm^3,Surface,N,1,2900,
0,µm^3,Surface,N,1,2901,
0,µm^3,Surface,N,1,2903,
0,µm^3,Surface,N,1,2904,
0,µm^3,Surface,N,1,2905,
0,µm^3,Surface,N,1,2906,
0,µm^3,Surface,N,1,2907,
0,µm^3,Surface,N,1,2908,
0,µm^3,Surface,N,1,2909,
0,µm^3,Surface,N,1,2910,
0,µm^3,Surface,N,1,2911,
0,µm^3,Surface,N,1,2912,
0,µm^3,Surface,N,1,2913,
0,µm^3,Surface,N,1,2914,
0,µm^3,Surface,N,1,2917,
0,µm^3,Surface,N,1,2918,
0,µm^3,Surface,N,1,2919,
0,µm^3,Surface,N,1,2920,
0,µm^3,Surface,N,1,2921,
0,µm^3,Surface,N,1,2922,
0,µm^3,Surface,N,1,2923,
0,µm^3,Surface,N,1,2924,
0.000368204,µm^3,Surface,N,1,2925,
0,µm^3,Surface,N,1,2926,
0,µm^3,Surface,N,1,2927,
0,µm^3,Surface,N,1,2928,
0,µm^3,Surface,N,1,2929,
0,µm^3,Surface,N,1,2930,
0,µm^3,Surface,N,1,2931,
0,µm^3,Surface,N,1,2932,
0,µm^3,Surface,N,1,2934,
0.138766,µm^3,Surface,N,1,2935,
0.0508816,µm^3,Surface,N,1,2936,
0,µm^3,Surface,N,1,2937,
0.0276683,µm^3,Surface,N,1,2938,
0,µm^3,Surface,N,1,2939,
0,µm^3,Surface,N,1,2940,
0,µm^3,Surface,N,1,2941,
0,µm^3,Surface,N,1,2942,
0,µm^3,Surface,N,1,2944,
0,µm^3,Surface,N,1,2945,
0,µm^3,Surface,N,1,2947,
0,µm^3,Surface,N,1,2948,
2.77888e-05,µm^3,Surface,N,1,2949,
0,µm^3,Surface,N,1,2950,
0,µm^3,Surface,N,1,2951,
0,µm^3,Surface,N,1,2952,
0,µm^3,Surface,N,1,2953,
0,µm^3,Surface,N,1,2954,
0,µm^3,Surface,N,1,2955,
0,µm^3,Surface,N,1,2956,
0,µm^3,Surface,N,1,2957,
0,µm^3,Surface,N,1,2958,
0,µm^3,Surface,N,1,2959,
0,µm^3,Surface,N,1,2960,
0,µm^3,Surface,N,1,2962,
0,µm^3,Surface,N,1,2963,
0,µm^3,Surface,N,1,2964,
0,µm^3,Surface,N,1,2965,
0,µm^3,Surface,N,1,2966,
0,µm^3,Surface,N,1,2967,
0,µm^3,Surface,N,1,2969,
0,µm^3,Surface,N,1,2970,
0,µm^3,Surface,N,1,2971,
0.0215573,µm^3,Surface,N,1,2972,
0,µm^3,Surface,N,1,2973,
0,µm^3,Surface,N,1,2974,
0.152585,µm^3,Surface,N,1,2975,
0,µm^3,Surface,N,1,2977,
0,µm^3,Surface,N,1,2979,
0,µm^3,Surface,N,1,2980,
0,µm^3,Surface,N,1,2981,
0,µm^3,Surface,N,1,2982,
0,µm^3,Surface,N,1,2983,
0,µm^3,Surface,N,1,2984,
0,µm^3,Surface,N,1,2985,
0,µm^3,Surface,N,1,2986,
0.0320636,µm^3,Surface,N,1,2988,
0,µm^3,Surface,N,1,2989,
0,µm^3,Surface,N,1,2990,
0,µm^3,Surface,N,1,2991,
0,µm^3,Surface,N,1,2992,
0,µm^3,Surface,N,1,2993,
0,µm^3,Surface,N,1,2994,
0,µm^3,Surface,N,1,2995,
0,µm^3,Surface,N,1,2996,
0,µm^3,Surface,N,1,2997,
0.0657586,µm^3,Surface,N,1,2998,
0,µm^3,Surface,N,1,3000,
0,µm^3,Surface,N,1,3001,
0.0860314,µm^3,Surface,N,1,3002,
0,µm^3,Surface,N,1,3003,
0,µm^3,Surface,N,1,3004,
0,µm^3,Surface,N,1,3005,
0,µm^3,Surface,N,1,3006,
0,µm^3,Surface,N,1,3007,
0,µm^3,Surface,N,1,3008,
0,µm^3,Surface,N,1,3009,
0.00913564,µm^3,Surface,N,1,3010,
0.17555,µm^3,Surface,N,1,3012,
0,µm^3,Surface,N,1,3013,
0,µm^3,Surface,N,1,3014,
0,µm^3,Surface,N,1,3015,
0,µm^3,Surface,N,1,3016,
0,µm^3,Surface,N,1,3017,
0,µm^3,Surface,N,1,3018,
0,µm^3,Surface,N,1,3019,
0,µm^3,Surface,N,1,3020,
0,µm^3,Surface,N,1,3021,
0,µm^3,Surface,N,1,3022,
0,µm^3,Surface,N,1,3023,
0,µm^3,Surface,N,1,3024,
0,µm^3,Surface,N,1,3025,
0,µm^3,Surface,N,1,3027,
0,µm^3,Surface,N,1,3028,
0,µm^3,Surface,N,1,3029,
0.214436,µm^3,Surface,N,1,3030,
0,µm^3,Surface,N,1,3031,
0,µm^3,Surface,N,1,3032,
0,µm^3,Surface,N,1,3033,
0,µm^3,Surface,N,1,3035,
0.122305,µm^3,Surface,N,1,3036,
0,µm^3,Surface,N,1,3037,
0,µm^3,Surface,N,1,3038,
0,µm^3,Surface,N,1,3039,
0,µm^3,Surface,N,1,3040,
0,µm^3,Surface,N,1,3041,
0,µm^3,Surface,N,1,3042,
0,µm^3,Surface,N,1,3043,
0,µm^3,Surface,N,1,3044,
0,µm^3,Surface,N,1,3045,
0,µm^3,Surface,N,1,3046,
0,µm^3,Surface,N,1,3047,
0,µm^3,Surface,N,1,3048,
0,µm^3,Surface,N,1,3049,
0,µm^3,Surface,N,1,3050,
0,µm^3,Surface,N,1,3051,
0,µm^3,Surface,N,1,3052,
0,µm^3,Surface,N,1,3053,
0.0163606,µm^3,Surface,N,1,3054,
0.0216686,µm^3,Surface,N,1,3055,
0,µm^3,Surface,N,1,3056,
0.288477,µm^3,Surface,N,1,3057,
0,µm^3,Surface,N,1,3058,
0.0163399,µm^3,Surface,N,1,3059,
0,µm^3,Surface,N,1,3060,
0,µm^3,Surface,N,1,3061,
0,µm^3,Surface,N,1,3062,
0,µm^3,Surface,N,1,3063,
0,µm^3,Surface,N,1,3064,
0.0192299,µm^3,Surface,N,1,3065,
0,µm^3,Surface,N,1,3066,
0.172021,µm^3,Surface,N,1,3067,
0,µm^3,Surface,N,1,3068,
0,µm^3,Surface,N,1,3069,
0.0290672,µm^3,Surface,N,1,3070,
0,µm^3,Surface,N,1,3071,
0,µm^3,Surface,N,1,3072,
0,µm^3,Surface,N,1,3073,
0,µm^3,Surface,N,1,3074,
0,µm^3,Surface,N,1,3075,
0,µm^3,Surface,N,1,3076,
0,µm^3,Surface,N,1,3077,
0,µm^3,Surface,N,1,3079,
0,µm^3,Surface,N,1,3080,
0,µm^3,Surface,N,1,3081,
0,µm^3,Surface,N,1,3082,
0,µm^3,Surface,N,1,3083,
0,µm^3,Surface,N,1,3084,
0.142537,µm^3,Surface,N,1,3085,
0,µm^3,Surface,N,1,3086,
0,µm^3,Surface,N,1,3087,
0.284519,µm^3,Surface,N,1,3088,
0,µm^3,Surface,N,1,3089,
0,µm^3,Surface,N,1,3090,
0,µm^3,Surface,N,1,3091,
0,µm^3,Surface,N,1,3092,
0,µm^3,Surface,N,1,3093,
0,µm^3,Surface,N,1,3094,
0,µm^3,Surface,N,1,3095,
0,µm^3,Surface,N,1,3096,
0.0717244,µm^3,Surface,N,1,3097,
0,µm^3,Surface,N,1,3098,
0.34118,µm^3,Surface,N,1,3099,
0.141404,µm^3,Surface,N,1,3100,
0,µm^3,Surface,N,1,3101,
0,µm^3,Surface,N,1,3102,
0,µm^3,Surface,N,1,3103,
0,µm^3,Surface,N,1,3104,
0,µm^3,Surface,N,1,3105,
0,µm^3,Surface,N,1,3106,
0,µm^3,Surface,N,1,3109,
0,µm^3,Surface,N,1,3110,
0,µm^3,Surface,N,1,3111,
0.277572,µm^3,Surface,N,1,3113,
0,µm^3,Surface,N,1,3114,
0,µm^3,Surface,N,1,3115,
0,µm^3,Surface,N,1,3116,
0,µm^3,Surface,N,1,3117,
0,µm^3,Surface,N,1,3118,
0,µm^3,Surface,N,1,3119,
0.00882993,µm^3,Surface,N,1,3120,
0,µm^3,Surface,N,1,3121,
0.0497885,µm^3,Surface,N,1,3123,
0,µm^3,Surface,N,1,3125,
0,µm^3,Surface,N,1,3126,
0,µm^3,Surface,N,1,3127,
0,µm^3,Surface,N,1,3129,
0,µm^3,Surface,N,1,3130,
0.216191,µm^3,Surface,N,1,3131,
0,µm^3,Surface,N,1,3132,
0.20467,µm^3,Surface,N,1,3133,
0,µm^3,Surface,N,1,3134,
0,µm^3,Surface,N,1,3135,
0,µm^3,Surface,N,1,3136,
0,µm^3,Surface,N,1,3137,
0,µm^3,Surface,N,1,3138,
0,µm^3,Surface,N,1,3139,
0.00183406,µm^3,Surface,N,1,3140,
0,µm^3,Surface,N,1,3141,
0.0288595,µm^3,Surface,N,1,3142,
0,µm^3,Surface,N,1,3144,
0,µm^3,Surface,N,1,3145,
0.13133,µm^3,Surface,N,1,3146,
0,µm^3,Surface,N,1,3147,
0,µm^3,Surface,N,1,3148,
0,µm^3,Surface,N,1,3149,
0.343689,µm^3,Surface,N,1,3150,
0.00593293,µm^3,Surface,N,1,3151,
0,µm^3,Surface,N,1,3152,
0,µm^3,Surface,N,1,3153,
0.209362,µm^3,Surface,N,1,3154,
0,µm^3,Surface,N,1,3155,
0,µm^3,Surface,N,1,3156,
0,µm^3,Surface,N,1,3157,
0,µm^3,Surface,N,1,3158,
0,µm^3,Surface,N,1,3159,
0,µm^3,Surface,N,1,3160,
0.0642551,µm^3,Surface,N,1,3161,
0.0439658,µm^3,Surface,N,1,3162,
0.135437,µm^3,Surface,N,1,3163,
0.215192,µm^3,Surface,N,1,3164,
0,µm^3,Surface,N,1,3165,
0,µm^3,Surface,N,1,3167,
0,µm^3,Surface,N,1,3168,
0,µm^3,Surface,N,1,3169,
0,µm^3,Surface,N,1,3170,
0,µm^3,Surface,N,1,3171,
0.196121,µm^3,Surface,N,1,3172,
0,µm^3,Surface,N,1,3173,
0.0355003,µm^3,Surface,N,1,3174,
0,µm^3,Surface,N,1,3175,
0,µm^3,Surface,N,1,3176,
0.115992,µm^3,Surface,N,1,3177,
0,µm^3,Surface,N,1,3178,
0.00179932,µm^3,Surface,N,1,3180,
0,µm^3,Surface,N,1,3181,
0,µm^3,Surface,N,1,3183,
0,µm^3,Surface,N,1,3184,
0,µm^3,Surface,N,1,3185,
0,µm^3,Surface,N,1,3186,
0,µm^3,Surface,N,1,3187,
0,µm^3,Surface,N,1,3188,
0,µm^3,Surface,N,1,3189,
0,µm^3,Surface,N,1,3190,
0,µm^3,Surface,N,1,3191,
0.328884,µm^3,Surface,N,1,3192,
0,µm^3,Surface,N,1,3193,
0,µm^3,Surface,N,1,3194,
0.167868,µm^3,Surface,N,1,3195,
0,µm^3,Surface,N,1,3196,
0,µm^3,Surface,N,1,3197,
0,µm^3,Surface,N,1,3198,
0,µm^3,Surface,N,1,3199,
0,µm^3,Surface,N,1,3200,
0,µm^3,Surface,N,1,3201,
0,µm^3,Surface,N,1,3202,
0.0321512,µm^3,Surface,N,1,3203,
0,µm^3,Surface,N,1,3204,
0,µm^3,Surface,N,1,3205,
0,µm^3,Surface,N,1,3206,
0.105985,µm^3,Surface,N,1,3207,
0,µm^3,Surface,N,1,3208,
0,µm^3,Surface,N,1,3209,
0,µm^3,Surface,N,1,3210,
0,µm^3,Surface,N,1,3211,
0,µm^3,Surface,N,1,3212,
0,µm^3,Surface,N,1,3213,
0.0647623,µm^3,Surface,N,1,3214,
0.461261,µm^3,Surface,N,1,3215,
0,µm^3,Surface,N,1,3216,
0,µm^3,Surface,N,1,3217,
0,µm^3,Surface,N,1,3218,
0.136402,µm^3,Surface,N,1,3220,
0.0248294,µm^3,Surface,N,1,3221,
0,µm^3,Surface,N,1,3222,
0.0479697,µm^3,Surface,N,1,3223,
0,µm^3,Surface,N,1,3224,
0,µm^3,Surface,N,1,3225,
0.131528,µm^3,Surface,N,1,3226,
0,µm^3,Surface,N,1,3227,
0,µm^3,Surface,N,1,3229,
0,µm^3,Surface,N,1,3230,
0.114215,µm^3,Surface,N,1,3231,
0,µm^3,Surface,N,1,3232,
0,µm^3,Surface,N,1,3233,
0,µm^3,Surface,N,1,3234,
0.0197648,µm^3,Surface,N,1,3235,
0,µm^3,Surface,N,1,3236,
0.442165,µm^3,Surface,N,1,3237,
0,µm^3,Surface,N,1,3238,
0,µm^3,Surface,N,1,3239,
0.453866,µm^3,Surface,N,1,3240,
0.0421663,µm^3,Surface,N,1,3241,
0.0447583,µm^3,Surface,N,1,3243,
0.30433,µm^3,Surface,N,1,3244,
0,µm^3,Surface,N,1,3245,
0,µm^3,Surface,N,1,3246,
0,µm^3,Surface,N,1,3247,
0.0067319,µm^3,Surface,N,1,3248,
0,µm^3,Surface,N,1,3249,
0,µm^3,Surface,N,1,3250,
0,µm^3,Surface,N,1,3251,
0,µm^3,Surface,N,1,3252,
0,µm^3,Surface,N,1,3253,
0,µm^3,Surface,N,1,3254,
0.308686,µm^3,Surface,N,1,3255,
0,µm^3,Surface,N,1,3256,
0.0856024,µm^3,Surface,N,1,3257,
0,µm^3,Surface,N,1,3258,
0,µm^3,Surface,N,1,3260,
0,µm^3,Surface,N,1,3261,
0,µm^3,Surface,N,1,3262,
0.164254,µm^3,Surface,N,1,3263,
0,µm^3,Surface,N,1,3264,
0,µm^3,Surface,N,1,3265,
0.172887,µm^3,Surface,N,1,3266,
0,µm^3,Surface,N,1,3267,
0,µm^3,Surface,N,1,3268,
0,µm^3,Surface,N,1,3269,
0,µm^3,Surface,N,1,3270,
0,µm^3,Surface,N,1,3271,
0,µm^3,Surface,N,1,3272,
0,µm^3,Surface,N,1,3273,
0.131542,µm^3,Surface,N,1,3274,
0.0897074,µm^3,Surface,N,1,3275,
0,µm^3,Surface,N,1,3276,
0,µm^3,Surface,N,1,3277,
0.000923976,µm^3,Surface,N,1,3278,
0,µm^3,Surface,N,1,3279,
0,µm^3,Surface,N,1,3280,
0.297407,µm^3,Surface,N,1,3281,
0,µm^3,Surface,N,1,3282,
0,µm^3,Surface,N,1,3283,
0.0639213,µm^3,Surface,N,1,3284,
0,µm^3,Surface,N,1,3285,
0,µm^3,Surface,N,1,3286,
0,µm^3,Surface,N,1,3287,
0,µm^3,Surface,N,1,3288,
0,µm^3,Surface,N,1,3289,
0,µm^3,Surface,N,1,3290,
0,µm^3,Surface,N,1,3291,
0.220294,µm^3,Surface,N,1,3292,
0,µm^3,Surface,N,1,3293,
0,µm^3,Surface,N,1,3294,
0.675878,µm^3,Surface,N,1,3295,
0,µm^3,Surface,N,1,3296,
0,µm^3,Surface,N,1,3297,
0,µm^3,Surface,N,1,3298,
0,µm^3,Surface,N,1,3299,
0,µm^3,Surface,N,1,3300,
0.0677429,µm^3,Surface,N,1,3301,
0,µm^3,Surface,N,1,3302,
0.0355858,µm^3,Surface,N,1,3303,
0.408183,µm^3,Surface,N,1,3304,
0,µm^3,Surface,N,1,3305,
0.117415,µm^3,Surface,N,1,3306,
0,µm^3,Surface,N,1,3307,
0,µm^3,Surface,N,1,3308,
0.138772,µm^3,Surface,N,1,3309,
0,µm^3,Surface,N,1,3310,
0,µm^3,Surface,N,1,3311,
0,µm^3,Surface,N,1,3312,
0,µm^3,Surface,N,1,3313,
0,µm^3,Surface,N,1,3314,
0,µm^3,Surface,N,1,3315,
0,µm^3,Surface,N,1,3316,
0,µm^3,Surface,N,1,3317,
0,µm^3,Surface,N,1,3319,
0.0655816,µm^3,Surface,N,1,3320,
0,µm^3,Surface,N,1,3321,
0,µm^3,Surface,N,1,3322,
0,µm^3,Surface,N,1,3323,
0,µm^3,Surface,N,1,3324,
0,µm^3,Surface,N,1,3325,
0,µm^3,Surface,N,1,3326,
0.212238,µm^3,Surface,N,1,3327,
0.065679,µm^3,Surface,N,1,3328,
0.372157,µm^3,Surface,N,1,3329,
0,µm^3,Surface,N,1,3330,
0,µm^3,Surface,N,1,3331,
0,µm^3,Surface,N,1,3332,
0,µm^3,Surface,N,1,3333,
0,µm^3,Surface,N,1,3334,
0.03661,µm^3,Surface,N,1,3335,
0,µm^3,Surface,N,1,3336,
0.297372,µm^3,Surface,N,1,3337,
0,µm^3,Surface,N,1,3338,
0.183695,µm^3,Surface,N,1,3339,
0,µm^3,Surface,N,1,3340,
0,µm^3,Surface,N,1,3341,
0.265379,µm^3,Surface,N,1,3342,
0,µm^3,Surface,N,1,3343,
0,µm^3,Surface,N,1,3344,
0,µm^3,Surface,N,1,3345,
0,µm^3,Surface,N,1,3346,
0.00199386,µm^3,Surface,N,1,3347,
0,µm^3,Surface,N,1,3348,
0.00017368,µm^3,Surface,N,1,3349,
0,µm^3,Surface,N,1,3350,
0,µm^3,Surface,N,1,3351,
0.0479326,µm^3,Surface,N,1,3352,
0,µm^3,Surface,N,1,3353,
0,µm^3,Surface,N,1,3354,
0,µm^3,Surface,N,1,3355,
0,µm^3,Surface,N,1,3356,
0.147759,µm^3,Surface,N,1,3357,
0,µm^3,Surface,N,1,3358,
0,µm^3,Surface,N,1,3359,
0,µm^3,Surface,N,1,3360,
0.0697619,µm^3,Surface,N,1,3362,
0,µm^3,Surface,N,1,3363,
0,µm^3,Surface,N,1,3364,
0,µm^3,Surface,N,1,3365,
0.221298,µm^3,Surface,N,1,3366,
0.0398632,µm^3,Surface,N,1,3367,
0,µm^3,Surface,N,1,3368,
0.0496408,µm^3,Surface,N,1,3369,
0,µm^3,Surface,N,1,3370,
0,µm^3,Surface,N,1,3371,
0.20115,µm^3,Surface,N,1,3372,
0.430852,µm^3,Surface,N,1,3374,
0.197959,µm^3,Surface,N,1,3375,
0,µm^3,Surface,N,1,3376,
0,µm^3,Surface,N,1,3377,
0.114874,µm^3,Surface,N,1,3378,
0,µm^3,Surface,N,1,3379,
0.00786428,µm^3,Surface,N,1,3380,
0,µm^3,Surface,N,1,3381,
0,µm^3,Surface,N,1,3382,
0,µm^3,Surface,N,1,3383,
0,µm^3,Surface,N,1,3384,
0.0522278,µm^3,Surface,N,1,3385,
0,µm^3,Surface,N,1,3386,
0,µm^3,Surface,N,1,3387,
0,µm^3,Surface,N,1,3388,
0,µm^3,Surface,N,1,3390,
0,µm^3,Surface,N,1,3391,
0,µm^3,Surface,N,1,3392,
0.079511,µm^3,Surface,N,1,3393,
0,µm^3,Surface,N,1,3394,
0,µm^3,Surface,N,1,3395,
0,µm^3,Surface,N,1,3396,
0.0368412,µm^3,Surface,N,1,3397,
0,µm^3,Surface,N,1,3398,
0,µm^3,Surface,N,1,3399,
0,µm^3,Surface,N,1,3400,
0,µm^3,Surface,N,1,3401,
0,µm^3,Surface,N,1,3402,
0.46986,µm^3,Surface,N,1,3403,
0,µm^3,Surface,N,1,3404,
0.262684,µm^3,Surface,N,1,3405,
0,µm^3,Surface,N,1,3406,
0,µm^3,Surface,N,1,3407,
0,µm^3,Surface,N,1,3408,
0,µm^3,Surface,N,1,3409,
0.315791,µm^3,Surface,N,1,3410,
0.297568,µm^3,Surface,N,1,3411,
0.0227522,µm^3,Surface,N,1,3412,
0,µm^3,Surface,N,1,3413,
0,µm^3,Surface,N,1,3415,
0.298555,µm^3,Surface,N,1,3416,
0,µm^3,Surface,N,1,3417,
0.352088,µm^3,Surface,N,1,3418,
0.00602326,µm^3,Surface,N,1,3419,
0,µm^3,Surface,N,1,3420,
0,µm^3,Surface,N,1,3421,
0.0136305,µm^3,Surface,N,1,3422,
0.158221,µm^3,Surface,N,1,3423,
0,µm^3,Surface,N,1,3424,
0,µm^3,Surface,N,1,3425,
0,µm^3,Surface,N,1,3426,
0,µm^3,Surface,N,1,3427,
0.167011,µm^3,Surface,N,1,3428,
0,µm^3,Surface,N,1,3429,
0,µm^3,Surface,N,1,3430,
0,µm^3,Surface,N,1,3432,
0,µm^3,Surface,N,1,3433,
0,µm^3,Surface,N,1,3434,
0,µm^3,Surface,N,1,3435,
0,µm^3,Surface,N,1,3436,
0,µm^3,Surface,N,1,3438,
0,µm^3,Surface,N,1,3439,
0,µm^3,Surface,N,1,3441,
0,µm^3,Surface,N,1,3442,
0.162072,µm^3,Surface,N,1,3443,
0.0494713,µm^3,Surface,N,1,3444,
0,µm^3,Surface,N,1,3445,
0.049573,µm^3,Surface,N,1,3446,
0,µm^3,Surface,N,1,3447,
0,µm^3,Surface,N,1,3448,
0,µm^3,Surface,N,1,3449,
0,µm^3,Surface,N,1,3450,
0,µm^3,Surface,N,1,3451,
0,µm^3,Surface,N,1,3452,
0.125255,µm^3,Surface,N,1,3453,
0,µm^3,Surface,N,1,3454,
0.0732446,µm^3,Surface,N,1,3455,
0,µm^3,Surface,N,1,3456,
0,µm^3,Surface,N,1,3457,
0,µm^3,Surface,N,1,3459,
0,µm^3,Surface,N,1,3460,
0,µm^3,Surface,N,1,3461,
0,µm^3,Surface,N,1,3462,
0,µm^3,Surface,N,1,3463,
0,µm^3,Surface,N,1,3464,
0,µm^3,Surface,N,1,3466,
0.142112,µm^3,Surface,N,1,3467,
0,µm^3,Surface,N,1,3468,
0,µm^3,Surface,N,1,3469,
0.123965,µm^3,Surface,N,1,3470,
0,µm^3,Surface,N,1,3471,
0,µm^3,Surface,N,1,3472,
0,µm^3,Surface,N,1,3474,
0,µm^3,Surface,N,1,3475,
0,µm^3,Surface,N,1,3476,
0.0601284,µm^3,Surface,N,1,3478,
0,µm^3,Surface,N,1,3479,
0,µm^3,Surface,N,1,3480,
0,µm^3,Surface,N,1,3481,
0,µm^3,Surface,N,1,3482,
0,µm^3,Surface,N,1,3483,
0,µm^3,Surface,N,1,3484,
0,µm^3,Surface,N,1,3485,
0,µm^3,Surface,N,1,3486,
0,µm^3,Surface,N,1,3487,
0,µm^3,Surface,N,1,3488,
0,µm^3,Surface,N,1,3489,
0,µm^3,Surface,N,1,3490,
0,µm^3,Surface,N,1,3491,
0,µm^3,Surface,N,1,3492,
0,µm^3,Surface,N,1,3493,
0,µm^3,Surface,N,1,3494,
0,µm^3,Surface,N,1,3495,
0,µm^3,Surface,N,1,3496,
0,µm^3,Surface,N,1,3497,
0.021849,µm^3,Surface,N,1,3499,
0,µm^3,Surface,N,1,3500,
0,µm^3,Surface,N,1,3503,
0,µm^3,Surface,N,1,3504,
0,µm^3,Surface,N,1,3505,
0.0135749,µm^3,Surface,N,1,3507,
0,µm^3,Surface,N,1,3508,
0,µm^3,Surface,N,1,3509,
0,µm^3,Surface,N,1,3510,
0,µm^3,Surface,N,1,3512,
0,µm^3,Surface,N,1,3513,
0,µm^3,Surface,N,1,3514,
0,µm^3,Surface,N,1,3515,
0,µm^3,Surface,N,1,3516,
0,µm^3,Surface,N,1,3517,
0,µm^3,Surface,N,1,3518,
0,µm^3,Surface,N,1,3519,
0,µm^3,Surface,N,1,3520,
0.0811922,µm^3,Surface,N,1,3521,
0,µm^3,Surface,N,1,3522,
0,µm^3,Surface,N,1,3523,
0,µm^3,Surface,N,1,3524,
0,µm^3,Surface,N,1,3525,
0,µm^3,Surface,N,1,3526,
0,µm^3,Surface,N,1,3527,
0,µm^3,Surface,N,1,3528,
0,µm^3,Surface,N,1,3529,
0,µm^3,Surface,N,1,3530,
0,µm^3,Surface,N,1,3531,
0,µm^3,Surface,N,1,3532,
0,µm^3,Surface,N,1,3533,
0,µm^3,Surface,N,1,3534,
0,µm^3,Surface,N,1,3537,
0,µm^3,Surface,N,1,3538,
0,µm^3,Surface,N,1,3539,
0,µm^3,Surface,N,1,3540,
0,µm^3,Surface,N,1,3542,
0,µm^3,Surface,N,1,3543,
0,µm^3,Surface,N,1,3544,
0,µm^3,Surface,N,1,3546,
0,µm^3,Surface,N,1,3548,
0,µm^3,Surface,N,1,3549,
0,µm^3,Surface,N,1,3550,
0,µm^3,Surface,N,1,3551,
0,µm^3,Surface,N,1,3552,
0,µm^3,Surface,N,1,3554,
0,µm^3,Surface,N,1,3556,
0,µm^3,Surface,N,1,3557,
0,µm^3,Surface,N,1,3558,
0,µm^3,Surface,N,1,3559,
0,µm^3,Surface,N,1,3561,
0,µm^3,Surface,N,1,3562,
0,µm^3,Surface,N,1,3565,
0,µm^3,Surface,N,1,3566,
0,µm^3,Surface,N,1,3567,
0,µm^3,Surface,N,1,3568,
0,µm^3,Surface,N,1,3569,
0,µm^3,Surface,N,1,3570,
0,µm^3,Surface,N,1,3571,
0,µm^3,Surface,N,1,3572,
0,µm^3,Surface,N,1,3573,
0,µm^3,Surface,N,1,3574,
0,µm^3,Surface,N,1,3575,
0,µm^3,Surface,N,1,3576,
0,µm^3,Surface,N,1,3577,
0,µm^3,Surface,N,1,3578,
0,µm^3,Surface,N,1,3579,
0,µm^3,Surface,N,1,3581,
0,µm^3,Surface,N,1,3582,
0,µm^3,Surface,N,1,3583,
0,µm^3,Surface,N,1,3584,
0,µm^3,Surface,N,1,3585,
0,µm^3,Surface,N,1,3586,
0,µm^3,Surface,N,1,3588,
0,µm^3,Surface,N,1,3589,
0,µm^3,Surface,N,1,3592,
0,µm^3,Surface,N,1,3593,
0,µm^3,Surface,N,1,3594,
0,µm^3,Surface,N,1,3595,
0,µm^3,Surface,N,1,3596,
0,µm^3,Surface,N,1,3597,
0,µm^3,Surface,N,1,3598,
0,µm^3,Surface,N,1,3599,
0,µm^3,Surface,N,1,3601,
0,µm^3,Surface,N,1,3602,
0,µm^3,Surface,N,1,3603,
0,µm^3,Surface,N,1,3604,
0,µm^3,Surface,N,1,3605,
0,µm^3,Surface,N,1,3606,
0,µm^3,Surface,N,1,3607,
0,µm^3,Surface,N,1,3609,
0,µm^3,Surface,N,1,3610,
0,µm^3,Surface,N,1,3611,
0,µm^3,Surface,N,1,3613,
0,µm^3,Surface,N,1,3614,
0,µm^3,Surface,N,1,3615,
0,µm^3,Surface,N,1,3616,
0,µm^3,Surface,N,1,3617,
0,µm^3,Surface,N,1,3619,
0,µm^3,Surface,N,1,3620,
0,µm^3,Surface,N,1,3622,
0,µm^3,Surface,N,1,3623,
0,µm^3,Surface,N,1,3624,
0,µm^3,Surface,N,1,3625,
0,µm^3,Surface,N,1,3626,
0,µm^3,Surface,N,1,3628,
0,µm^3,Surface,N,1,3629,
0,µm^3,Surface,N,1,3630,
0,µm^3,Surface,N,1,3632,
0,µm^3,Surface,N,1,3633,
0,µm^3,Surface,N,1,3634,
0,µm^3,Surface,N,1,3635,
0,µm^3,Surface,N,1,3636,
0,µm^3,Surface,N,1,3637,
0,µm^3,Surface,N,1,3638,
0,µm^3,Surface,N,1,3639,
0,µm^3,Surface,N,1,3640,
0,µm^3,Surface,N,1,3641,
0,µm^3,Surface,N,1,3642,
0,µm^3,Surface,N,1,3643,
0,µm^3,Surface,N,1,3647,
0,µm^3,Surface,N,1,3648,
0,µm^3,Surface,N,1,3649,
0,µm^3,Surface,N,1,3651,
0,µm^3,Surface,N,1,3652,
0,µm^3,Surface,N,1,3653,
0,µm^3,Surface,N,1,3655,
0,µm^3,Surface,N,1,3657,
0,µm^3,Surface,N,1,3658,
0,µm^3,Surface,N,1,3659,
0,µm^3,Surface,N,1,3660,
0,µm^3,Surface,N,1,3661,
0,µm^3,Surface,N,1,3662,
0,µm^3,Surface,N,1,3663,
0,µm^3,Surface,N,1,3664,
0,µm^3,Surface,N,1,3665,
0,µm^3,Surface,N,1,3666,
0,µm^3,Surface,N,1,3667,
0,µm^3,Surface,N,1,3668,
0,µm^3,Surface,N,1,3670,
0,µm^3,Surface,N,1,3671,
0,µm^3,Surface,N,1,3672,
0,µm^3,Surface,N,1,3673,
0,µm^3,Surface,N,1,3674,
0,µm^3,Surface,N,1,3675,
0,µm^3,Surface,N,1,3676,
0,µm^3,Surface,N,1,3677,
0,µm^3,Surface,N,1,3678,
0,µm^3,Surface,N,1,3679,
0,µm^3,Surface,N,1,3680,
0,µm^3,Surface,N,1,3682,
0,µm^3,Surface,N,1,3684,
0,µm^3,Surface,N,1,3685,
0,µm^3,Surface,N,1,3686,
0,µm^3,Surface,N,1,3687,
0,µm^3,Surface,N,1,3688,
0,µm^3,Surface,N,1,3689,
0,µm^3,Surface,N,1,3690,
0,µm^3,Surface,N,1,3691,
0,µm^3,Surface,N,1,3692,
0,µm^3,Surface,N,1,3693,
0,µm^3,Surface,N,1,3695,
0,µm^3,Surface,N,1,3697,
0,µm^3,Surface,N,1,3698,
0,µm^3,Surface,N,1,3699,
0,µm^3,Surface,N,1,3700,
0,µm^3,Surface,N,1,3701,
0,µm^3,Surface,N,1,3702,
0,µm^3,Surface,N,1,3703,
0,µm^3,Surface,N,1,3704,
0,µm^3,Surface,N,1,3705,
0,µm^3,Surface,N,1,3706,
0,µm^3,Surface,N,1,3707,
0,µm^3,Surface,N,1,3708,
0,µm^3,Surface,N,1,3709,
0,µm^3,Surface,N,1,3711,
0,µm^3,Surface,N,1,3712,
0,µm^3,Surface,N,1,3714,
0,µm^3,Surface,N,1,3715,
0,µm^3,Surface,N,1,3717,
0,µm^3,Surface,N,1,3718,
0,µm^3,Surface,N,1,3719,
0,µm^3,Surface,N,1,3720,
0,µm^3,Surface,N,1,3722,
0,µm^3,Surface,N,1,3723,
0,µm^3,Surface,N,1,3725,
0,µm^3,Surface,N,1,3726,
0,µm^3,Surface,N,1,3727,
0,µm^3,Surface,N,1,3728,
0,µm^3,Surface,N,1,3729,
0,µm^3,Surface,N,1,3730,
0,µm^3,Surface,N,1,3731,
0,µm^3,Surface,N,1,3732,
0,µm^3,Surface,N,1,3733,
0,µm^3,Surface,N,1,3734,
0,µm^3,Surface,N,1,3735,
0,µm^3,Surface,N,1,3736,
0,µm^3,Surface,N,1,3737,
0,µm^3,Surface,N,1,3738,
0,µm^3,Surface,N,1,3739,
0,µm^3,Surface,N,1,3740,
0,µm^3,Surface,N,1,3741,
0,µm^3,Surface,N,1,3742,
0,µm^3,Surface,N,1,3743,
0,µm^3,Surface,N,1,3744,
0,µm^3,Surface,N,1,3745,
0,µm^3,Surface,N,1,3747,
0,µm^3,Surface,N,1,3748,
0,µm^3,Surface,N,1,3749,
0,µm^3,Surface,N,1,3750,
0,µm^3,Surface,N,1,3751,
0,µm^3,Surface,N,1,3752,
0,µm^3,Surface,N,1,3754,
0,µm^3,Surface,N,1,3755,
0,µm^3,Surface,N,1,3756,
0,µm^3,Surface,N,1,3759,
0,µm^3,Surface,N,1,3760,
0,µm^3,Surface,N,1,3761,
0,µm^3,Surface,N,1,3762,
0,µm^3,Surface,N,1,3764,
0,µm^3,Surface,N,1,3766,
0,µm^3,Surface,N,1,3768,
0,µm^3,Surface,N,1,3769,
0,µm^3,Surface,N,1,3770,
0,µm^3,Surface,N,1,3771,
0,µm^3,Surface,N,1,3772,
0,µm^3,Surface,N,1,3773,
0,µm^3,Surface,N,1,3774,
0,µm^3,Surface,N,1,3775,
0,µm^3,Surface,N,1,3776,
0,µm^3,Surface,N,1,3777,
0,µm^3,Surface,N,1,3778,
0,µm^3,Surface,N,1,3779,
0,µm^3,Surface,N,1,3780,
0,µm^3,Surface,N,1,3781,
0,µm^3,Surface,N,1,3782,
0,µm^3,Surface,N,1,3783,
0,µm^3,Surface,N,1,3785,
0,µm^3,Surface,N,1,3786,
0,µm^3,Surface,N,1,3788,
0,µm^3,Surface,N,1,3790,
0,µm^3,Surface,N,1,3791,
0,µm^3,Surface,N,1,3792,
0,µm^3,Surface,N,1,3793,
0,µm^3,Surface,N,1,3794,
0,µm^3,Surface,N,1,3795,
0,µm^3,Surface,N,1,3796,
0,µm^3,Surface,N,1,3797,
0,µm^3,Surface,N,1,3798,
0,µm^3,Surface,N,1,3799,
0,µm^3,Surface,N,1,3800,
0,µm^3,Surface,N,1,3801,
0,µm^3,Surface,N,1,3802,
0,µm^3,Surface,N,1,3803,
0,µm^3,Surface,N,1,3804,
0,µm^3,Surface,N,1,3806,
0,µm^3,Surface,N,1,3807,
0,µm^3,Surface,N,1,3808,
0,µm^3,Surface,N,1,3809,
0,µm^3,Surface,N,1,3810,
0,µm^3,Surface,N,1,3811,
0,µm^3,Surface,N,1,3814,
0,µm^3,Surface,N,1,3815,
0,µm^3,Surface,N,1,3816,
0,µm^3,Surface,N,1,3817,
0,µm^3,Surface,N,1,3819,
0,µm^3,Surface,N,1,3820,
0,µm^3,Surface,N,1,3821,
0,µm^3,Surface,N,1,3824,
0,µm^3,Surface,N,1,3825,
0,µm^3,Surface,N,1,3826,
0,µm^3,Surface,N,1,3827,
0,µm^3,Surface,N,1,3828,
0,µm^3,Surface,N,1,3829,
0,µm^3,Surface,N,1,3830,
0,µm^3,Surface,N,1,3831,
0,µm^3,Surface,N,1,3833,
0,µm^3,Surface,N,1,3837,
0,µm^3,Surface,N,1,3839,
0,µm^3,Surface,N,1,3841,
0,µm^3,Surface,N,1,3842,
0,µm^3,Surface,N,1,3843,
0,µm^3,Surface,N,1,3844,
0,µm^3,Surface,N,1,3846,
0,µm^3,Surface,N,1,3848,
0,µm^3,Surface,N,1,3850,
0,µm^3,Surface,N,1,3852,
0,µm^3,Surface,N,1,3853,
0,µm^3,Surface,N,1,3855,
0,µm^3,Surface,N,1,3856,
0,µm^3,Surface,N,1,3857,
0,µm^3,Surface,N,1,3859,
0,µm^3,Surface,N,1,3860,
0,µm^3,Surface,N,1,3863,
0,µm^3,Surface,N,1,3864,
0,µm^3,Surface,N,1,3865,
0,µm^3,Surface,N,1,3866,
0,µm^3,Surface,N,1,3867,
0,µm^3,Surface,N,1,3868,
0,µm^3,Surface,N,1,3873,
0,µm^3,Surface,N,1,3874,
0,µm^3,Surface,N,1,3875,
0,µm^3,Surface,N,1,3876,
0,µm^3,Surface,N,1,3878,
0,µm^3,Surface,N,1,3879,
0,µm^3,Surface,N,1,3880,
0,µm^3,Surface,N,1,3882,
0,µm^3,Surface,N,1,3883,
0,µm^3,Surface,N,1,3884,
0,µm^3,Surface,N,1,3885,
0,µm^3,Surface,N,1,3886,
0,µm^3,Surface,N,1,3887,
0,µm^3,Surface,N,1,3890,
0,µm^3,Surface,N,1,3891,
0,µm^3,Surface,N,1,3892,
0,µm^3,Surface,N,1,3893,
0,µm^3,Surface,N,1,3895,
0,µm^3,Surface,N,1,3898,
0,µm^3,Surface,N,1,3899,
0,µm^3,Surface,N,1,3900,
0,µm^3,Surface,N,1,3901,
0,µm^3,Surface,N,1,3902,
0,µm^3,Surface,N,1,3903,
0,µm^3,Surface,N,1,3904,
0,µm^3,Surface,N,1,3905,
0,µm^3,Surface,N,1,3906,
0,µm^3,Surface,N,1,3907,
0,µm^3,Surface,N,1,3909,
0,µm^3,Surface,N,1,3910,
0,µm^3,Surface,N,1,3912,
0,µm^3,Surface,N,1,3913,
0,µm^3,Surface,N,1,3914,
0,µm^3,Surface,N,1,3916,
0,µm^3,Surface,N,1,3917,
0,µm^3,Surface,N,1,3920,
0,µm^3,Surface,N,1,3921,
0,µm^3,Surface,N,1,3922,
0,µm^3,Surface,N,1,3923,
0,µm^3,Surface,N,1,3924,
0,µm^3,Surface,N,1,3925,
0,µm^3,Surface,N,1,3927,
0,µm^3,Surface,N,1,3931,
0,µm^3,Surface,N,1,3932,
0,µm^3,Surface,N,1,3933,
0,µm^3,Surface,N,1,3934,
0,µm^3,Surface,N,1,3936,
0,µm^3,Surface,N,1,3937,
0,µm^3,Surface,N,1,3938,
0,µm^3,Surface,N,1,3939,
0,µm^3,Surface,N,1,3940,
0,µm^3,Surface,N,1,3942,
0,µm^3,Surface,N,1,3945,
0,µm^3,Surface,N,1,3946,
0,µm^3,Surface,N,1,3950,
0,µm^3,Surface,N,1,3951,
0,µm^3,Surface,N,1,3952,
0,µm^3,Surface,N,1,3953,
0,µm^3,Surface,N,1,3954,
0,µm^3,Surface,N,1,3955,
0,µm^3,Surface,N,1,3957,
0,µm^3,Surface,N,1,3958,
0,µm^3,Surface,N,1,3960,
0,µm^3,Surface,N,1,3961,
0,µm^3,Surface,N,1,3962,
0,µm^3,Surface,N,1,3965,
0,µm^3,Surface,N,1,3967,
0,µm^3,Surface,N,1,3968,
0,µm^3,Surface,N,1,3969,
0,µm^3,Surface,N,1,3971,
0,µm^3,Surface,N,1,3975,
0,µm^3,Surface,N,1,3976,
0,µm^3,Surface,N,1,3978,
0,µm^3,Surface,N,1,3979,
0,µm^3,Surface,N,1,3980,
0,µm^3,Surface,N,1,3981,
0,µm^3,Surface,N,1,3982,
0,µm^3,Surface,N,1,3983,
0,µm^3,Surface,N,1,3984,
0,µm^3,Surface,N,1,3985,
0,µm^3,Surface,N,1,3986,
0,µm^3,Surface,N,1,3988,
0,µm^3,Surface,N,1,3989,
0,µm^3,Surface,N,1,3993,
0,µm^3,Surface,N,1,3994,
0,µm^3,Surface,N,1,3995,
0,µm^3,Surface,N,1,3996,
0,µm^3,Surface,N,1,3997,
0,µm^3,Surface,N,1,3998,
0,µm^3,Surface,N,1,3999,
0,µm^3,Surface,N,1,4000,
0,µm^3,Surface,N,1,4001,
0,µm^3,Surface,N,1,4002,
0,µm^3,Surface,N,1,4003,
0,µm^3,Surface,N,1,4005,
0,µm^3,Surface,N,1,4007,
0,µm^3,Surface,N,1,4009,
0,µm^3,Surface,N,1,4014,
0,µm^3,Surface,N,1,4015,
0,µm^3,Surface,N,1,4017,
0,µm^3,Surface,N,1,4018,
0,µm^3,Surface,N,1,4019,
0,µm^3,Surface,N,1,4020,
0,µm^3,Surface,N,1,4021,
0,µm^3,Surface,N,1,4022,
0,µm^3,Surface,N,1,4023,
0,µm^3,Surface,N,1,4024,
0,µm^3,Surface,N,1,4025,
0,µm^3,Surface,N,1,4029,
0,µm^3,Surface,N,1,4033,
0,µm^3,Surface,N,1,4035,
0,µm^3,Surface,N,1,4037,
0,µm^3,Surface,N,1,4038,
0,µm^3,Surface,N,1,4040,
0,µm^3,Surface,N,1,4043,
0,µm^3,Surface,N,1,4044,
0,µm^3,Surface,N,1,4045,
0,µm^3,Surface,N,1,4047,
0,µm^3,Surface,N,1,4048,
0,µm^3,Surface,N,1,4050,
0,µm^3,Surface,N,1,4051,
0,µm^3,Surface,N,1,4053,
0,µm^3,Surface,N,1,4058,
0,µm^3,Surface,N,1,4059,
0,µm^3,Surface,N,1,4060,
0,µm^3,Surface,N,1,4062,
0,µm^3,Surface,N,1,4063,
0,µm^3,Surface,N,1,4066,
0,µm^3,Surface,N,1,4067,
0,µm^3,Surface,N,1,4069,
0,µm^3,Surface,N,1,4070,
0,µm^3,Surface,N,1,4072,
0,µm^3,Surface,N,1,4073,
0,µm^3,Surface,N,1,4076,
0,µm^3,Surface,N,1,4078,
0,µm^3,Surface,N,1,4079,
0,µm^3,Surface,N,1,4082,
0,µm^3,Surface,N,1,4083,
0,µm^3,Surface,N,1,4084,
0,µm^3,Surface,N,1,4086,
0,µm^3,Surface,N,1,4088,
0,µm^3,Surface,N,1,4091,
0,µm^3,Surface,N,1,4093,
0,µm^3,Surface,N,1,4094,
0,µm^3,Surface,N,1,4095,
0,µm^3,Surface,N,1,4098,
0,µm^3,Surface,N,1,4099,
0,µm^3,Surface,N,1,4101,
0,µm^3,Surface,N,1,4102,
0,µm^3,Surface,N,1,4105,
0,µm^3,Surface,N,1,4106,
0,µm^3,Surface,N,1,4108,
0,µm^3,Surface,N,1,4109,
0,µm^3,Surface,N,1,4110,
0,µm^3,Surface,N,1,4112,
0,µm^3,Surface,N,1,4113,
0,µm^3,Surface,N,1,4115,
0,µm^3,Surface,N,1,4116,
0,µm^3,Surface,N,1,4117,
0,µm^3,Surface,N,1,4119,
0,µm^3,Surface,N,1,4120,
0,µm^3,Surface,N,1,4122,
0,µm^3,Surface,N,1,4123,
0,µm^3,Surface,N,1,4124,
0,µm^3,Surface,N,1,4125,
0,µm^3,Surface,N,1,4127,
0,µm^3,Surface,N,1,4128,
0,µm^3,Surface,N,1,4129,
0,µm^3,Surface,N,1,4130,
0,µm^3,Surface,N,1,4131,
0,µm^3,Surface,N,1,4133,
0,µm^3,Surface,N,1,4134,
0,µm^3,Surface,N,1,4136,
0,µm^3,Surface,N,1,4137,
0,µm^3,Surface,N,1,4138,
0,µm^3,Surface,N,1,4140,
0,µm^3,Surface,N,1,4141,
0,µm^3,Surface,N,1,4142,
0,µm^3,Surface,N,1,4143,
0,µm^3,Surface,N,1,4144,
0,µm^3,Surface,N,1,4145,
0,µm^3,Surface,N,1,4146,
0,µm^3,Surface,N,1,4149,
0,µm^3,Surface,N,1,4150,
0,µm^3,Surface,N,1,4154,
0,µm^3,Surface,N,1,4156,
0,µm^3,Surface,N,1,4157,
0,µm^3,Surface,N,1,4160,
0,µm^3,Surface,N,1,4161,
0,µm^3,Surface,N,1,4165,
0,µm^3,Surface,N,1,4167,
0,µm^3,Surface,N,1,4170,
0,µm^3,Surface,N,1,4171,
0,µm^3,Surface,N,1,4172,
0,µm^3,Surface,N,1,4181,
0,µm^3,Surface,N,1,4182,
0,µm^3,Surface,N,1,4183,
0,µm^3,Surface,N,1,4184,
0,µm^3,Surface,N,1,4185,
0,µm^3,Surface,N,1,4186,
0,µm^3,Surface,N,1,4187,
0,µm^3,Surface,N,1,4188,
0,µm^3,Surface,N,1,4190,
0,µm^3,Surface,N,1,4191,
0,µm^3,Surface,N,1,4192,
0,µm^3,Surface,N,1,4193,
0,µm^3,Surface,N,1,4194,
0,µm^3,Surface,N,1,4195,
0,µm^3,Surface,N,1,4196,
0,µm^3,Surface,N,1,4197,
0,µm^3,Surface,N,1,4198,
0,µm^3,Surface,N,1,4199,
0,µm^3,Surface,N,1,4200,
0,µm^3,Surface,N,1,4201,
0,µm^3,Surface,N,1,4202,
0,µm^3,Surface,N,1,4203,
0,µm^3,Surface,N,1,4204,
0,µm^3,Surface,N,1,4205,
0,µm^3,Surface,N,1,4206,
0,µm^3,Surface,N,1,4207,
0,µm^3,Surface,N,1,4208,
0,µm^3,Surface,N,1,4209,
0,µm^3,Surface,N,1,4210,
0,µm^3,Surface,N,1,4211,
0,µm^3,Surface,N,1,4212,
0,µm^3,Surface,N,1,4213,
0,µm^3,Surface,N,1,4214,
0,µm^3,Surface,N,1,4215,
0,µm^3,Surface,N,1,4216,
0,µm^3,Surface,N,1,4217,
0,µm^3,Surface,N,1,4218,
0,µm^3,Surface,N,1,4219,
0,µm^3,Surface,N,1,4221,
0,µm^3,Surface,N,1,4222,
0,µm^3,Surface,N,1,4223,
0,µm^3,Surface,N,1,4226,
0,µm^3,Surface,N,1,4227,
0,µm^3,Surface,N,1,4228,
0,µm^3,Surface,N,1,4229,
0,µm^3,Surface,N,1,4230,
0,µm^3,Surface,N,1,4231,
0,µm^3,Surface,N,1,4232,
0,µm^3,Surface,N,1,4233,
0,µm^3,Surface,N,1,4234,
0,µm^3,Surface,N,1,4235,
0,µm^3,Surface,N,1,4236,
0,µm^3,Surface,N,1,4237,
0,µm^3,Surface,N,1,4238,
0,µm^3,Surface,N,1,4240,
0,µm^3,Surface,N,1,4242,
0,µm^3,Surface,N,1,4243,
0,µm^3,Surface,N,1,4244,
0,µm^3,Surface,N,1,4245,
0,µm^3,Surface,N,1,4246,
0,µm^3,Surface,N,1,4248,
0,µm^3,Surface,N,1,4249,
0,µm^3,Surface,N,1,4250,
0,µm^3,Surface,N,1,4251,
0,µm^3,Surface,N,1,4253,
0,µm^3,Surface,N,1,4254,
0,µm^3,Surface,N,1,4255,
0,µm^3,Surface,N,1,4256,
0,µm^3,Surface,N,1,4257,
0,µm^3,Surface,N,1,4258,
0,µm^3,Surface,N,1,4260,
0,µm^3,Surface,N,1,4261,
0,µm^3,Surface,N,1,4263,
0,µm^3,Surface,N,1,4264,
0,µm^3,Surface,N,1,4265,
0,µm^3,Surface,N,1,4266,
0,µm^3,Surface,N,1,4267,
0,µm^3,Surface,N,1,4269,
0,µm^3,Surface,N,1,4271,
0,µm^3,Surface,N,1,4272,
0,µm^3,Surface,N,1,4273,
0,µm^3,Surface,N,1,4274,
0,µm^3,Surface,N,1,4275,
0,µm^3,Surface,N,1,4276,
0,µm^3,Surface,N,1,4277,
0,µm^3,Surface,N,1,4278,
0,µm^3,Surface,N,1,4279,
0,µm^3,Surface,N,1,4280,
0,µm^3,Surface,N,1,4281,
0,µm^3,Surface,N,1,4282,
0,µm^3,Surface,N,1,4283,
0,µm^3,Surface,N,1,4284,
0,µm^3,Surface,N,1,4285,
0,µm^3,Surface,N,1,4286,
0,µm^3,Surface,N,1,4287,
0,µm^3,Surface,N,1,4288,
0,µm^3,Surface,N,1,4289,
0,µm^3,Surface,N,1,4290,
0,µm^3,Surface,N,1,4291,
0,µm^3,Surface,N,1,4292,
0,µm^3,Surface,N,1,4294,
0,µm^3,Surface,N,1,4297,
0,µm^3,Surface,N,1,4298,
0,µm^3,Surface,N,1,4299,
0,µm^3,Surface,N,1,4300,
0,µm^3,Surface,N,1,4301,
0,µm^3,Surface,N,1,4302,
0,µm^3,Surface,N,1,4304,
0,µm^3,Surface,N,1,4306,
0,µm^3,Surface,N,1,4307,
0,µm^3,Surface,N,1,4308,
0,µm^3,Surface,N,1,4309,
0,µm^3,Surface,N,1,4310,
0,µm^3,Surface,N,1,4311,
0,µm^3,Surface,N,1,4312,
0,µm^3,Surface,N,1,4313,
0,µm^3,Surface,N,1,4314,
0,µm^3,Surface,N,1,4315,
0,µm^3,Surface,N,1,4316,
0,µm^3,Surface,N,1,4318,
0,µm^3,Surface,N,1,4319,
0,µm^3,Surface,N,1,4320,
0,µm^3,Surface,N,1,4321,
0,µm^3,Surface,N,1,4322,
0,µm^3,Surface,N,1,4323,
0,µm^3,Surface,N,1,4324,
0,µm^3,Surface,N,1,4325,
0,µm^3,Surface,N,1,4326,
0,µm^3,Surface,N,1,4327,
0,µm^3,Surface,N,1,4328,
0,µm^3,Surface,N,1,4329,
0,µm^3,Surface,N,1,4330,
0,µm^3,Surface,N,1,4331,
0,µm^3,Surface,N,1,4332,
0,µm^3,Surface,N,1,4333,
0,µm^3,Surface,N,1,4334,
0,µm^3,Surface,N,1,4335,
0,µm^3,Surface,N,1,4336,
0,µm^3,Surface,N,1,4337,
0,µm^3,Surface,N,1,4338,
0,µm^3,Surface,N,1,4339,
0,µm^3,Surface,N,1,4340,
0,µm^3,Surface,N,1,4341,
0,µm^3,Surface,N,1,4342,
0,µm^3,Surface,N,1,4343,
0,µm^3,Surface,N,1,4344,
0,µm^3,Surface,N,1,4345,
0,µm^3,Surface,N,1,4346,
0,µm^3,Surface,N,1,4347,
0,µm^3,Surface,N,1,4348,
0,µm^3,Surface,N,1,4349,
0,µm^3,Surface,N,1,4350,
0,µm^3,Surface,N,1,4351,
0,µm^3,Surface,N,1,4352,
0,µm^3,Surface,N,1,4353,
0,µm^3,Surface,N,1,4355,
0,µm^3,Surface,N,1,4356,
0,µm^3,Surface,N,1,4357,
0,µm^3,Surface,N,1,4358,
0,µm^3,Surface,N,1,4359,
0,µm^3,Surface,N,1,4360,
0,µm^3,Surface,N,1,4361,
0,µm^3,Surface,N,1,4362,
0,µm^3,Surface,N,1,4363,
0,µm^3,Surface,N,1,4364,
0,µm^3,Surface,N,1,4365,
0,µm^3,Surface,N,1,4366,
0,µm^3,Surface,N,1,4367,
0,µm^3,Surface,N,1,4368,
0,µm^3,Surface,N,1,4369,
0,µm^3,Surface,N,1,4370,
0,µm^3,Surface,N,1,4372,
0,µm^3,Surface,N,1,4373,
0,µm^3,Surface,N,1,4374,
0,µm^3,Surface,N,1,4375,
0,µm^3,Surface,N,1,4376,
0,µm^3,Surface,N,1,4377,
0,µm^3,Surface,N,1,4379,
0,µm^3,Surface,N,1,4380,
0,µm^3,Surface,N,1,4381,
0,µm^3,Surface,N,1,4382,
0,µm^3,Surface,N,1,4383,
0,µm^3,Surface,N,1,4384,
0,µm^3,Surface,N,1,4385,
0,µm^3,Surface,N,1,4386,
0,µm^3,Surface,N,1,4387,
0,µm^3,Surface,N,1,4389,
0,µm^3,Surface,N,1,4390,
0,µm^3,Surface,N,1,4391,
0,µm^3,Surface,N,1,4392,
0,µm^3,Surface,N,1,4394,
0,µm^3,Surface,N,1,4395,
0,µm^3,Surface,N,1,4396,
0,µm^3,Surface,N,1,4397,
0,µm^3,Surface,N,1,4399,
0,µm^3,Surface,N,1,4400,
0,µm^3,Surface,N,1,4401,
0,µm^3,Surface,N,1,4402,
0,µm^3,Surface,N,1,4403,
0,µm^3,Surface,N,1,4404,
0,µm^3,Surface,N,1,4405,
0,µm^3,Surface,N,1,4408,
0,µm^3,Surface,N,1,4409,
0,µm^3,Surface,N,1,4410,
0,µm^3,Surface,N,1,4411,
0,µm^3,Surface,N,1,4412,
0,µm^3,Surface,N,1,4413,
0,µm^3,Surface,N,1,4414,
0,µm^3,Surface,N,1,4415,
0,µm^3,Surface,N,1,4416,
0,µm^3,Surface,N,1,4417,
0,µm^3,Surface,N,1,4419,
0,µm^3,Surface,N,1,4420,
0,µm^3,Surface,N,1,4421,
0,µm^3,Surface,N,1,4422,
0,µm^3,Surface,N,1,4425,
0,µm^3,Surface,N,1,4426,
0,µm^3,Surface,N,1,4427,
0,µm^3,Surface,N,1,4428,
0,µm^3,Surface,N,1,4430,
0,µm^3,Surface,N,1,4431,
0,µm^3,Surface,N,1,4432,
0,µm^3,Surface,N,1,4433,
0,µm^3,Surface,N,1,4434,
0,µm^3,Surface,N,1,4435,
0,µm^3,Surface,N,1,4436,
0,µm^3,Surface,N,1,4437,
0,µm^3,Surface,N,1,4438,
0,µm^3,Surface,N,1,4439,
0,µm^3,Surface,N,1,4440,
0,µm^3,Surface,N,1,4441,
0,µm^3,Surface,N,1,4442,
0,µm^3,Surface,N,1,4443,
0,µm^3,Surface,N,1,4444,
0,µm^3,Surface,N,1,4446,
0,µm^3,Surface,N,1,4447,
0,µm^3,Surface,N,1,4448,
0,µm^3,Surface,N,1,4449,
0,µm^3,Surface,N,1,4451,
0,µm^3,Surface,N,1,4452,
0,µm^3,Surface,N,1,4453,
0,µm^3,Surface,N,1,4454,
0,µm^3,Surface,N,1,4455,
0,µm^3,Surface,N,1,4456,
0,µm^3,Surface,N,1,4458,
0,µm^3,Surface,N,1,4459,
0,µm^3,Surface,N,1,4460,
0,µm^3,Surface,N,1,4461,
0,µm^3,Surface,N,1,4462,
0,µm^3,Surface,N,1,4463,
0,µm^3,Surface,N,1,4465,
0,µm^3,Surface,N,1,4466,
0,µm^3,Surface,N,1,4467,
0,µm^3,Surface,N,1,4469,
0,µm^3,Surface,N,1,4471,
0,µm^3,Surface,N,1,4472,
0,µm^3,Surface,N,1,4473,
0,µm^3,Surface,N,1,4475,
0,µm^3,Surface,N,1,4476,
0,µm^3,Surface,N,1,4477,
0,µm^3,Surface,N,1,4478,
0,µm^3,Surface,N,1,4480,
0,µm^3,Surface,N,1,4481,
0,µm^3,Surface,N,1,4483,
0,µm^3,Surface,N,1,4484,
0,µm^3,Surface,N,1,4485,
0,µm^3,Surface,N,1,4487,
0,µm^3,Surface,N,1,4488,
0,µm^3,Surface,N,1,4491,
0,µm^3,Surface,N,1,4492,
0,µm^3,Surface,N,1,4494,
0,µm^3,Surface,N,1,4495,
0,µm^3,Surface,N,1,4497,
0,µm^3,Surface,N,1,4498,
0,µm^3,Surface,N,1,4499,
0,µm^3,Surface,N,1,4501,
0,µm^3,Surface,N,1,4503,
0,µm^3,Surface,N,1,4504,
0,µm^3,Surface,N,1,4506,
0,µm^3,Surface,N,1,4507,
0,µm^3,Surface,N,1,4508,
0,µm^3,Surface,N,1,4512,
0,µm^3,Surface,N,1,4513,
0,µm^3,Surface,N,1,4514,
0,µm^3,Surface,N,1,4515,
0,µm^3,Surface,N,1,4518,
0,µm^3,Surface,N,1,4519,
0,µm^3,Surface,N,1,4520,
0,µm^3,Surface,N,1,4521,
0,µm^3,Surface,N,1,4524,
0,µm^3,Surface,N,1,4525,
0,µm^3,Surface,N,1,4526,
0,µm^3,Surface,N,1,4527,
0,µm^3,Surface,N,1,4528,
0,µm^3,Surface,N,1,4529,
0,µm^3,Surface,N,1,4531,
0,µm^3,Surface,N,1,4533,
0,µm^3,Surface,N,1,4534,
0,µm^3,Surface,N,1,4535,
0,µm^3,Surface,N,1,4536,
0,µm^3,Surface,N,1,4537,
0,µm^3,Surface,N,1,4538,
0,µm^3,Surface,N,1,4539,
0,µm^3,Surface,N,1,4546,
0,µm^3,Surface,N,1,4547,
0,µm^3,Surface,N,1,4549,
0,µm^3,Surface,N,1,4551,
0,µm^3,Surface,N,1,4552,
0,µm^3,Surface,N,1,4553,
0,µm^3,Surface,N,1,4554,
0,µm^3,Surface,N,1,4555,
0,µm^3,Surface,N,1,4556,
0,µm^3,Surface,N,1,4557,
0,µm^3,Surface,N,1,4558,
0,µm^3,Surface,N,1,4559,
0,µm^3,Surface,N,1,4561,
0,µm^3,Surface,N,1,4564,
0,µm^3,Surface,N,1,4565,
0,µm^3,Surface,N,1,4566,
0,µm^3,Surface,N,1,4568,
0,µm^3,Surface,N,1,4569,
0,µm^3,Surface,N,1,4570,
0,µm^3,Surface,N,1,4571,
0,µm^3,Surface,N,1,4572,
0,µm^3,Surface,N,1,4573,
0,µm^3,Surface,N,1,4574,
0,µm^3,Surface,N,1,4575,
0,µm^3,Surface,N,1,4576,
0,µm^3,Surface,N,1,4579,
0,µm^3,Surface,N,1,4580,
0,µm^3,Surface,N,1,4581,
0,µm^3,Surface,N,1,4583,
0,µm^3,Surface,N,1,4584,
0,µm^3,Surface,N,1,4587,
0,µm^3,Surface,N,1,4589,
0,µm^3,Surface,N,1,4591,
0,µm^3,Surface,N,1,4594,
0,µm^3,Surface,N,1,4595,
0,µm^3,Surface,N,1,4596,
0,µm^3,Surface,N,1,4597,
0,µm^3,Surface,N,1,4600,
0,µm^3,Surface,N,1,4601,
0,µm^3,Surface,N,1,4602,
0,µm^3,Surface,N,1,4605,
0,µm^3,Surface,N,1,4606,
0,µm^3,Surface,N,1,4607,
0,µm^3,Surface,N,1,4608,
0,µm^3,Surface,N,1,4611,
0,µm^3,Surface,N,1,4612,
0,µm^3,Surface,N,1,4615,
0,µm^3,Surface,N,1,4616,
0,µm^3,Surface,N,1,4617,
0,µm^3,Surface,N,1,4620,
0,µm^3,Surface,N,1,4622,
0,µm^3,Surface,N,1,4624,
0,µm^3,Surface,N,1,4625,
0,µm^3,Surface,N,1,4626,
0,µm^3,Surface,N,1,4627,
0,µm^3,Surface,N,1,4629,
0,µm^3,Surface,N,1,4631,
0,µm^3,Surface,N,1,4632,
0,µm^3,Surface,N,1,4633,
0,µm^3,Surface,N,1,4635,
0,µm^3,Surface,N,1,4638,
0,µm^3,Surface,N,1,4640,
0,µm^3,Surface,N,1,4641,
0,µm^3,Surface,N,1,4643,
0,µm^3,Surface,N,1,4644,
0,µm^3,Surface,N,1,4648,
0,µm^3,Surface,N,1,4649,
0,µm^3,Surface,N,1,4650,
0,µm^3,Surface,N,1,4651,
0,µm^3,Surface,N,1,4652,
0,µm^3,Surface,N,1,4653,
0,µm^3,Surface,N,1,4654,
0,µm^3,Surface,N,1,4656,
0,µm^3,Surface,N,1,4658,
0,µm^3,Surface,N,1,4659,
0,µm^3,Surface,N,1,4662,
0,µm^3,Surface,N,1,4663,
0,µm^3,Surface,N,1,4664,
0,µm^3,Surface,N,1,4665,
0,µm^3,Surface,N,1,4668,
0,µm^3,Surface,N,1,4669,
0,µm^3,Surface,N,1,4672,
0,µm^3,Surface,N,1,4674,
0,µm^3,Surface,N,1,4675,
0,µm^3,Surface,N,1,4678,
0,µm^3,Surface,N,1,4681,
0,µm^3,Surface,N,1,4682,
0,µm^3,Surface,N,1,4684,
0,µm^3,Surface,N,1,4686,
0,µm^3,Surface,N,1,4687,
0,µm^3,Surface,N,1,4690,
0,µm^3,Surface,N,1,4691,
0,µm^3,Surface,N,1,4692,
0,µm^3,Surface,N,1,4694,
0,µm^3,Surface,N,1,4696,
0,µm^3,Surface,N,1,4697,
0,µm^3,Surface,N,1,4699,
0,µm^3,Surface,N,1,4700,
0,µm^3,Surface,N,1,4701,
0,µm^3,Surface,N,1,4703,
0,µm^3,Surface,N,1,4704,
0,µm^3,Surface,N,1,4706,
0,µm^3,Surface,N,1,4707,
0,µm^3,Surface,N,1,4708,
0,µm^3,Surface,N,1,4709,
0,µm^3,Surface,N,1,4710,
0,µm^3,Surface,N,1,4712,
0,µm^3,Surface,N,1,4713,
0,µm^3,Surface,N,1,4714,
0,µm^3,Surface,N,1,4715,
0,µm^3,Surface,N,1,4720,
0,µm^3,Surface,N,1,4724,
0,µm^3,Surface,N,1,4725,
0,µm^3,Surface,N,1,4726,
0,µm^3,Surface,N,1,4728,
0,µm^3,Surface,N,1,4729,
0,µm^3,Surface,N,1,4730,
0,µm^3,Surface,N,1,4732,
0,µm^3,Surface,N,1,4737,
0,µm^3,Surface,N,1,4738,
0,µm^3,Surface,N,1,4739,
0,µm^3,Surface,N,1,4746,
0,µm^3,Surface,N,1,4748,
0,µm^3,Surface,N,1,4749,
0,µm^3,Surface,N,1,4751,
0,µm^3,Surface,N,1,4752,
0,µm^3,Surface,N,1,4754,
0,µm^3,Surface,N,1,4755,
0,µm^3,Surface,N,1,4756,
0,µm^3,Surface,N,1,4757,
0,µm^3,Surface,N,1,4758,
0,µm^3,Surface,N,1,4761,
0,µm^3,Surface,N,1,4762,
0,µm^3,Surface,N,1,4765,
0,µm^3,Surface,N,1,4766,
0,µm^3,Surface,N,1,4770,
0,µm^3,Surface,N,1,4771,
0,µm^3,Surface,N,1,4774,
0,µm^3,Surface,N,1,4775,
0,µm^3,Surface,N,1,4778,
0,µm^3,Surface,N,1,4779,
0,µm^3,Surface,N,1,4780,
0,µm^3,Surface,N,1,4781,
0,µm^3,Surface,N,1,4784,
0,µm^3,Surface,N,1,4785,
0,µm^3,Surface,N,1,4787,
0,µm^3,Surface,N,1,4789,
0,µm^3,Surface,N,1,4794,
0,µm^3,Surface,N,1,4796,
0,µm^3,Surface,N,1,4798,
0,µm^3,Surface,N,1,4799,
0,µm^3,Surface,N,1,4800,
0,µm^3,Surface,N,1,4804,
0,µm^3,Surface,N,1,4806,
0,µm^3,Surface,N,1,4812,
0,µm^3,Surface,N,1,4814,
0,µm^3,Surface,N,1,4815,
0,µm^3,Surface,N,1,4818,
0,µm^3,Surface,N,1,4819,
0,µm^3,Surface,N,1,4821,
0,µm^3,Surface,N,1,4822,
0,µm^3,Surface,N,1,4826,
0,µm^3,Surface,N,1,4827,
0,µm^3,Surface,N,1,4829,
0,µm^3,Surface,N,1,4832,
0,µm^3,Surface,N,1,4833,
0,µm^3,Surface,N,1,4836,
0,µm^3,Surface,N,1,4838,
0,µm^3,Surface,N,1,4839,
0,µm^3,Surface,N,1,4842,
0,µm^3,Surface,N,1,4843,
0,µm^3,Surface,N,1,4844,
0,µm^3,Surface,N,1,4845,
0,µm^3,Surface,N,1,4848,
0,µm^3,Surface,N,1,4849,
0,µm^3,Surface,N,1,4850,
0,µm^3,Surface,N,1,4851,
0,µm^3,Surface,N,1,4852,
0,µm^3,Surface,N,1,4856,
0,µm^3,Surface,N,1,4865,
0,µm^3,Surface,N,1,4868,
0,µm^3,Surface,N,1,4873,
0,µm^3,Surface,N,1,4874,
0,µm^3,Surface,N,1,4875,
0,µm^3,Surface,N,1,4876,
0,µm^3,Surface,N,1,4878,
0,µm^3,Surface,N,1,4879,
0,µm^3,Surface,N,1,4882,
0,µm^3,Surface,N,1,4884,
0,µm^3,Surface,N,1,4885,
0,µm^3,Surface,N,1,4887,
0,µm^3,Surface,N,1,4891,
0,µm^3,Surface,N,1,4893,
0,µm^3,Surface,N,1,4894,
0,µm^3,Surface,N,1,4896,
0,µm^3,Surface,N,1,4898,
0,µm^3,Surface,N,1,4902,
0,µm^3,Surface,N,1,4903,
0,µm^3,Surface,N,1,4904,
0,µm^3,Surface,N,1,4906,
0,µm^3,Surface,N,1,4908,
0,µm^3,Surface,N,1,4912,
0,µm^3,Surface,N,1,4913,
0,µm^3,Surface,N,1,4916,
0,µm^3,Surface,N,1,4918,
0,µm^3,Surface,N,1,4921,
0,µm^3,Surface,N,1,4924,
0,µm^3,Surface,N,1,4930,
0,µm^3,Surface,N,1,4933,
0,µm^3,Surface,N,1,4934,
0,µm^3,Surface,N,1,4935,
0,µm^3,Surface,N,1,4936,
0,µm^3,Surface,N,1,4938,
0,µm^3,Surface,N,1,4940,
0,µm^3,Surface,N,1,4942,
0,µm^3,Surface,N,1,4945,
0,µm^3,Surface,N,1,4948,
0,µm^3,Surface,N,1,4951,
0,µm^3,Surface,N,1,4954,
0,µm^3,Surface,N,1,4957,
0,µm^3,Surface,N,1,4958,
0,µm^3,Surface,N,1,4959,
0,µm^3,Surface,N,1,4961,
0,µm^3,Surface,N,1,4965,
0,µm^3,Surface,N,1,4966,
0,µm^3,Surface,N,1,4968,
0,µm^3,Surface,N,1,4969,
0,µm^3,Surface,N,1,4970,
0,µm^3,Surface,N,1,4972,
0,µm^3,Surface,N,1,4975,
0,µm^3,Surface,N,1,4978,
0,µm^3,Surface,N,1,4979,
0,µm^3,Surface,N,1,4982,
0,µm^3,Surface,N,1,4989,
0,µm^3,Surface,N,1,4990,
0,µm^3,Surface,N,1,4991,
0,µm^3,Surface,N,1,4992,
0,µm^3,Surface,N,1,4993,
0,µm^3,Surface,N,1,4997,
0,µm^3,Surface,N,1,4998,
0,µm^3,Surface,N,1,5004,
0,µm^3,Surface,N,1,5007,
0,µm^3,Surface,N,1,5009,
0,µm^3,Surface,N,1,5010,
0,µm^3,Surface,N,1,5012,
0,µm^3,Surface,N,1,5013,
0,µm^3,Surface,N,1,5014,
0,µm^3,Surface,N,1,5015,
0,µm^3,Surface,N,1,5016,
0,µm^3,Surface,N,1,5019,
0,µm^3,Surface,N,1,5021,
0,µm^3,Surface,N,1,5022,
0,µm^3,Surface,N,1,5023,
0,µm^3,Surface,N,1,5028,
0,µm^3,Surface,N,1,5029,
0,µm^3,Surface,N,1,5030,
0,µm^3,Surface,N,1,5032,
0,µm^3,Surface,N,1,5033,
0,µm^3,Surface,N,1,5036,
0,µm^3,Surface,N,1,5037,
0,µm^3,Surface,N,1,5038,
0,µm^3,Surface,N,1,5039,
0,µm^3,Surface,N,1,5040,
0,µm^3,Surface,N,1,5042,
0,µm^3,Surface,N,1,5043,
0,µm^3,Surface,N,1,5045,
0,µm^3,Surface,N,1,5047,
0,µm^3,Surface,N,1,5050,
0,µm^3,Surface,N,1,5051,
0,µm^3,Surface,N,1,5052,
0,µm^3,Surface,N,1,5054,
0,µm^3,Surface,N,1,5055,
0,µm^3,Surface,N,1,5056,
0,µm^3,Surface,N,1,5058,
0,µm^3,Surface,N,1,5059,
0,µm^3,Surface,N,1,5060,
0,µm^3,Surface,N,1,5062,
0,µm^3,Surface,N,1,5063,
0,µm^3,Surface,N,1,5064,
0,µm^3,Surface,N,1,5067,
0,µm^3,Surface,N,1,5072,
0,µm^3,Surface,N,1,5076,
0,µm^3,Surface,N,1,5077,
0,µm^3,Surface,N,1,5078,
0,µm^3,Surface,N,1,5085,
0,µm^3,Surface,N,1,5087,
0,µm^3,Surface,N,1,5088,
0,µm^3,Surface,N,1,5095,
0,µm^3,Surface,N,1,5097,
0,µm^3,Surface,N,1,5098,
0,µm^3,Surface,N,1,5100,
0,µm^3,Surface,N,1,5104,
0,µm^3,Surface,N,1,5105,
0,µm^3,Surface,N,1,5108,
0,µm^3,Surface,N,1,5109,
0,µm^3,Surface,N,1,5110,
0,µm^3,Surface,N,1,5112,
0,µm^3,Surface,N,1,5115,
0,µm^3,Surface,N,1,5117,
0,µm^3,Surface,N,1,5118,
0,µm^3,Surface,N,1,5120,
0,µm^3,Surface,N,1,5122,
0,µm^3,Surface,N,1,5126,
0,µm^3,Surface,N,1,5128,
0,µm^3,Surface,N,1,5129,
0,µm^3,Surface,N,1,5132,
0,µm^3,Surface,N,1,5133,
0,µm^3,Surface,N,1,5134,
0,µm^3,Surface,N,1,5135,
0,µm^3,Surface,N,1,5136,
0,µm^3,Surface,N,1,5138,
0,µm^3,Surface,N,1,5139,
0,µm^3,Surface,N,1,5141,
0,µm^3,Surface,N,1,5143,
0,µm^3,Surface,N,1,5146,
0,µm^3,Surface,N,1,5147,
0,µm^3,Surface,N,1,5148,
0,µm^3,Surface,N,1,5149,
0,µm^3,Surface,N,1,5152,
0,µm^3,Surface,N,1,5153,
0,µm^3,Surface,N,1,5155,
0,µm^3,Surface,N,1,5156,
0,µm^3,Surface,N,1,5158,
0,µm^3,Surface,N,1,5159,
0,µm^3,Surface,N,1,5161,
0,µm^3,Surface,N,1,5163,
0,µm^3,Surface,N,1,5165,
0,µm^3,Surface,N,1,5166,
0,µm^3,Surface,N,1,5167,
0,µm^3,Surface,N,1,5170,
0,µm^3,Surface,N,1,5171,
0,µm^3,Surface,N,1,5172,
0,µm^3,Surface,N,1,5176,
0,µm^3,Surface,N,1,5179,
0,µm^3,Surface,N,1,5180,
0,µm^3,Surface,N,1,5185,
0,µm^3,Surface,N,1,5187,
0,µm^3,Surface,N,1,5193,
0,µm^3,Surface,N,1,5194,
0,µm^3,Surface,N,1,5195,
0,µm^3,Surface,N,1,5196,
0,µm^3,Surface,N,1,5199,
0,µm^3,Surface,N,1,5200,
0,µm^3,Surface,N,1,5202,
0,µm^3,Surface,N,1,5204,
0,µm^3,Surface,N,1,5205,
0,µm^3,Surface,N,1,5208,
0,µm^3,Surface,N,1,5209,
0,µm^3,Surface,N,1,5210,
0,µm^3,Surface,N,1,5211,
0,µm^3,Surface,N,1,5214,
0,µm^3,Surface,N,1,5215,
0,µm^3,Surface,N,1,5218,
0,µm^3,Surface,N,1,5219,
0,µm^3,Surface,N,1,5221,
0,µm^3,Surface,N,1,5222,
0,µm^3,Surface,N,1,5223,
0,µm^3,Surface,N,1,5225,
0,µm^3,Surface,N,1,5226,
0,µm^3,Surface,N,1,5227,
0,µm^3,Surface,N,1,5231,
0,µm^3,Surface,N,1,5236,
0,µm^3,Surface,N,1,5237,
0,µm^3,Surface,N,1,5238,
0,µm^3,Surface,N,1,5240,
0,µm^3,Surface,N,1,5241,
0,µm^3,Surface,N,1,5244,
0,µm^3,Surface,N,1,5245,
0,µm^3,Surface,N,1,5247,
0,µm^3,Surface,N,1,5248,
0,µm^3,Surface,N,1,5250,
0,µm^3,Surface,N,1,5251,
0,µm^3,Surface,N,1,5252,
0,µm^3,Surface,N,1,5253,
0,µm^3,Surface,N,1,5254,
0,µm^3,Surface,N,1,5255,
0,µm^3,Surface,N,1,5256,
0,µm^3,Surface,N,1,5258,
0,µm^3,Surface,N,1,5259,
0,µm^3,Surface,N,1,5261,
0,µm^3,Surface,N,1,5262,
0,µm^3,Surface,N,1,5265,
0,µm^3,Surface,N,1,5266,
0,µm^3,Surface,N,1,5270,
0,µm^3,Surface,N,1,5276,
0,µm^3,Surface,N,1,5278,
0,µm^3,Surface,N,1,5283,
0,µm^3,Surface,N,1,5284,
0,µm^3,Surface,N,1,5287,
0,µm^3,Surface,N,1,5291,
0,µm^3,Surface,N,1,5292,
0,µm^3,Surface,N,1,5296,
0,µm^3,Surface,N,1,5297,
0,µm^3,Surface,N,1,5298,
0,µm^3,Surface,N,1,5300,
0,µm^3,Surface,N,1,5302,
0,µm^3,Surface,N,1,5303,
0,µm^3,Surface,N,1,5306,
0,µm^3,Surface,N,1,5309,
0,µm^3,Surface,N,1,5310,
0,µm^3,Surface,N,1,5311,
0,µm^3,Surface,N,1,5313,
0,µm^3,Surface,N,1,5314,
0,µm^3,Surface,N,1,5315,
0,µm^3,Surface,N,1,5316,
0,µm^3,Surface,N,1,5318,
0,µm^3,Surface,N,1,5319,
0,µm^3,Surface,N,1,5320,
0,µm^3,Surface,N,1,5322,
0,µm^3,Surface,N,1,5324,
0,µm^3,Surface,N,1,5325,
0,µm^3,Surface,N,1,5326,
0,µm^3,Surface,N,1,5327,
0,µm^3,Surface,N,1,5329,
0,µm^3,Surface,N,1,5330,
0,µm^3,Surface,N,1,5331,
0,µm^3,Surface,N,1,5334,
0,µm^3,Surface,N,1,5336,
0,µm^3,Surface,N,1,5344,
0,µm^3,Surface,N,1,5345,
0,µm^3,Surface,N,1,5346,
0,µm^3,Surface,N,1,5347,
0,µm^3,Surface,N,1,5348,
0,µm^3,Surface,N,1,5349,
0,µm^3,Surface,N,1,5352,
0,µm^3,Surface,N,1,5353,
0,µm^3,Surface,N,1,5354,
0,µm^3,Surface,N,1,5355,
0,µm^3,Surface,N,1,5356,
0,µm^3,Surface,N,1,5358,
0,µm^3,Surface,N,1,5360,
0,µm^3,Surface,N,1,5362,
0,µm^3,Surface,N,1,5363,
0,µm^3,Surface,N,1,5364,
0,µm^3,Surface,N,1,5365,
0,µm^3,Surface,N,1,5367,
0,µm^3,Surface,N,1,5369,
0,µm^3,Surface,N,1,5370,
0,µm^3,Surface,N,1,5372,
0,µm^3,Surface,N,1,5373,
0,µm^3,Surface,N,1,5374,
0,µm^3,Surface,N,1,5376,
0,µm^3,Surface,N,1,5380,
0,µm^3,Surface,N,1,5381,
0,µm^3,Surface,N,1,5383,
0,µm^3,Surface,N,1,5384,
0,µm^3,Surface,N,1,5387,
0,µm^3,Surface,N,1,5388,
0,µm^3,Surface,N,1,5389,
0,µm^3,Surface,N,1,5391,
0,µm^3,Surface,N,1,5394,
0,µm^3,Surface,N,1,5396,
0,µm^3,Surface,N,1,5398,
0,µm^3,Surface,N,1,5399,
0,µm^3,Surface,N,1,5400,
0,µm^3,Surface,N,1,5401,
0,µm^3,Surface,N,1,5403,
0,µm^3,Surface,N,1,5405,
0,µm^3,Surface,N,1,5407,
0,µm^3,Surface,N,1,5408,
0,µm^3,Surface,N,1,5409,
0,µm^3,Surface,N,1,5410,
0,µm^3,Surface,N,1,5413,
0,µm^3,Surface,N,1,5416,
0,µm^3,Surface,N,1,5418,
0,µm^3,Surface,N,1,5419,
0,µm^3,Surface,N,1,5420,
0,µm^3,Surface,N,1,5422,
0,µm^3,Surface,N,1,5423,
0,µm^3,Surface,N,1,5425,
0,µm^3,Surface,N,1,5426,
0,µm^3,Surface,N,1,5429,
0,µm^3,Surface,N,1,5430,
0,µm^3,Surface,N,1,5431,
0,µm^3,Surface,N,1,5432,
0,µm^3,Surface,N,1,5433,
0,µm^3,Surface,N,1,5434,
0,µm^3,Surface,N,1,5435,
0,µm^3,Surface,N,1,5436,
0,µm^3,Surface,N,1,5439,
0,µm^3,Surface,N,1,5440,
0,µm^3,Surface,N,1,5442,
0,µm^3,Surface,N,1,5443,
0,µm^3,Surface,N,1,5444,
0,µm^3,Surface,N,1,5445,
0,µm^3,Surface,N,1,5448,
0,µm^3,Surface,N,1,5449,
0,µm^3,Surface,N,1,5451,
0,µm^3,Surface,N,1,5453,
0,µm^3,Surface,N,1,5455,
0,µm^3,Surface,N,1,5456,
0,µm^3,Surface,N,1,5460,
0,µm^3,Surface,N,1,5461,
0,µm^3,Surface,N,1,5463,
0,µm^3,Surface,N,1,5464,
0,µm^3,Surface,N,1,5467,
0,µm^3,Surface,N,1,5470,
0,µm^3,Surface,N,1,5473,
0,µm^3,Surface,N,1,5475,
0,µm^3,Surface,N,1,5476,
0,µm^3,Surface,N,1,5478,
0,µm^3,Surface,N,1,5480,
0,µm^3,Surface,N,1,5481,
0,µm^3,Surface,N,1,5482,
0,µm^3,Surface,N,1,5483,
0,µm^3,Surface,N,1,5484,
0,µm^3,Surface,N,1,5485,
0,µm^3,Surface,N,1,5489,
0,µm^3,Surface,N,1,5491,
0,µm^3,Surface,N,1,5492,
0,µm^3,Surface,N,1,5494,
0,µm^3,Surface,N,1,5495,
0,µm^3,Surface,N,1,5496,
0,µm^3,Surface,N,1,5497,
0,µm^3,Surface,N,1,5498,
0,µm^3,Surface,N,1,5499,
0,µm^3,Surface,N,1,5500,
0,µm^3,Surface,N,1,5503,
0,µm^3,Surface,N,1,5504,
0,µm^3,Surface,N,1,5505,
0,µm^3,Surface,N,1,5507,
0,µm^3,Surface,N,1,5508,
0,µm^3,Surface,N,1,5510,
0,µm^3,Surface,N,1,5513,
0,µm^3,Surface,N,1,5514,
0,µm^3,Surface,N,1,5518,
0,µm^3,Surface,N,1,5519,
0,µm^3,Surface,N,1,5520,
0,µm^3,Surface,N,1,5522,
0,µm^3,Surface,N,1,5523,
0,µm^3,Surface,N,1,5526,
0,µm^3,Surface,N,1,5529,
0,µm^3,Surface,N,1,5531,
0,µm^3,Surface,N,1,5534,
0,µm^3,Surface,N,1,5535,
0,µm^3,Surface,N,1,5538,
0,µm^3,Surface,N,1,5540,
0,µm^3,Surface,N,1,5541,
0,µm^3,Surface,N,1,5543,
0,µm^3,Surface,N,1,5544,
0,µm^3,Surface,N,1,5545,
0,µm^3,Surface,N,1,5550,
0,µm^3,Surface,N,1,5556,
0,µm^3,Surface,N,1,5560,
0,µm^3,Surface,N,1,5565,
0,µm^3,Surface,N,1,5566,
0,µm^3,Surface,N,1,5569,
